2.467393
9.869475
22.205955
39.476348
61.679975
88.815962
120.883243
157.880557
199.806449
246.659270
298.437179
355.138138
416.759920
483.300100
554.756063
631.124997
712.403902
798.589580
889.678644
985.667510
1086.552405
1192.329362
1302.994221
1418.542632
1538.970050
1664.271741
1794.442778
1929.478041
2069.372222
2214.119819
2363.715141
2518.152306
2677.425241
2841.527683
3010.453181
3184.195090
3362.746581
3546.100631
3734.250032
3927.187385
4124.905104
4327.395413
4534.650353
4746.661771
4963.421333
5184.920516
5411.150608
5642.102716
5877.767758
6118.136466
6363.199391
6612.946895
6867.369158
7126.456177
7390.197764
7658.583547
7931.602975
8209.245311
8491.499639
8778.354860
9069.799695
9365.822683
9666.412185
9971.556382
10281.243275
10595.460687
10914.196262
11237.437468
11565.171594
11897.385756
12234.066883
12575.201748
12920.776929
13270.778841
13625.193722
13984.007629
14347.206465
14714.775941
15086.701607
15462.968832
15843.562831
16228.468632
16617.671105
17011.154935
17408.904666
17810.904649
18217.139072
18627.591975
19042.247212
19461.088467
19884.099294
20311.263039
20742.562918
21177.981971
21617.503063
22061.108935
22508.782121
22960.505038
23416.259906
23876.028821
24339.793688
24807.536287
25279.238213
25754.880929
26234.445722
26717.913746
27205.265980
27696.483270
28191.546293
28690.435591
29193.131538
29699.614377
30209.864183
30723.860904
31241.584314
31763.014072
250998.532495
250991.129602
250978.791435
250961.522955
250939.322443
250912.185784
250880.116735
250843.117223
250801.195776
250754.340742
250702.560591
250645.863068
250584.241036
250517.700134
250446.243954
250369.874958
250288.596119
250202.410442
250111.321322
250015.330857
249914.449265
249808.670640
249698.005779
249582.457366
249462.029951
249336.728259
249206.557215
249071.521967
248931.627778
248786.880181
248637.284859
248482.847694
248323.574759
248159.472317
247990.546819
247816.804910
247638.253418
247454.899370
247266.749722
247073.812861
246876.094712
246673.604771
246466.349516
246254.338360
246037.578578
245816.079573
245589.849322
245358.896950
245123.232635
244882.863423
244637.800731
244388.052991
244133.630322
243874.544447
243610.802130
243342.416107
243069.397485
242791.754676
242509.500375
242222.645137
241931.200295
241635.177330
241334.587812
241029.443607
240719.756737
240405.538720
240086.804330
239763.562524
239435.828391
239103.614269
238766.932767
238425.798600
238080.223068
237730.221150
237375.806277
237016.992384
236653.793443
236286.224151
235914.298299
235538.031263
235157.437169
234772.531367
234383.328895
233989.844709
233592.095692
233190.095353
232783.860925
232373.407859
231958.752959
231539.911227
231116.901010
230689.736960
230258.437081
229823.018032
229383.496584
228939.891417
228492.217877
228040.494964
227584.740092
227124.971181
226661.206310
226193.463714
225721.761786
225246.118926
224766.554422
224283.086251
223795.734023
223304.516731
222809.453706
222310.564403
221807.868468
221301.385624
220791.135816
220277.139099
219759.415684
219237.985928
218712.870330
218184.089558
217651.664355
217115.615751
216575.964699
216032.732524
215485.940523
214935.610225
214381.763263
213824.421410
213263.606597
212699.340854
212131.646094
211560.545556
210986.060891
210408.214380
209827.029701
209242.528955
208654.735568
208063.672403
207469.362811
206871.829988
32288.129665
206271.098014
205667.189634
205060.129148
204449.940397
203836.647200
203220.273789
202600.844370
201978.383300
201352.915047
200724.464237
200093.055504
32816.910447
199458.713823
198821.463956
198181.331072
197538.340326
196892.516981
196243.886407
33349.335627
195592.474256
194938.305916
194281.407261
193621.804078
192959.522320
192294.588003
191627.027291
190956.866426
190284.131763
189608.849722
188931.046981
188250.750002
187567.985659
186882.780771
186195.162241
185505.157239
184812.792732
33885.384268
184118.096055
183421.094448
182721.815361
182020.286286
181316.534816
180610.588597
179902.475399
34425.035294
179192.223125
178479.859577
177765.412862
177048.911047
176330.382283
34968.267483
175609.854906
174887.357128
174162.917435
173436.564295
172708.326267
171978.231991
171246.310164
170512.589585
169777.099071
35515.059477
36065.389775
169039.867599
168300.924091
167560.297644
166818.017370
166074.112456
165328.612155
164581.545777
163832.942672
36619.236738
163082.832385
162331.244247
161578.207876
37176.578586
160823.753009
37737.393406
160067.909133
38301.659146
159310.706025
158552.173482
157792.341325
157031.239423
156268.897706
155505.346144
154740.614774
38869.353619
153974.733655
39440.454501
153207.732924
152439.642690
151670.493198
150900.314681
150129.137418
40014.939337
149356.991747
148583.908006
147809.916613
147035.047992
146259.332615
145482.800975
40592.785538
144705.483638
143927.411121
143148.614051
142369.123041
141588.968736
41173.970383
41758.471018
140808.181825
42346.264460
140026.793024
139244.833003
138462.332557
137679.322438
136895.833442
42937.327598
136111.896370
135327.542048
134542.801317
133757.705039
132972.284070
43531.637189
132186.569311
44129.169866
131400.591679
130614.382004
129827.971264
44729.902132
129041.390375
128254.670239
45333.810366
127467.841818
126680.936033
125893.983834
45940.870823
125107.016166
46551.059632
124320.063967
123533.158184
122746.329757
47164.352800
121959.609632
121173.028731
120386.617996
119600.408336
47780.726211
118814.430683
118028.715922
117243.294962
116458.198682
115673.457927
48400.155630
114889.103654
114105.166557
113321.677558
49022.616700
112538.667448
49648.084945
111756.166998
110974.206990
110192.818166
109412.031256
50276.535771
108631.876962
107852.385950
107073.588873
50907.944467
106295.516376
105518.199013
51542.286206
104741.667389
103965.952008
103191.083388
102417.091993
101644.008256
52179.536044
100871.862580
100100.685304
52819.668925
99330.506815
98561.357312
97793.267089
97026.266338
53462.659678
96260.385225
54108.483019
95495.653851
94732.102294
93969.760577
93208.658670
54757.113556
92448.826524
91690.293978
90933.090886
90177.247011
89422.792077
55408.525782
88669.755757
87918.167642
87168.057301
86419.454215
56062.694084
85672.387854
84926.887543
56719.592739
84182.982630
83440.702356
82700.075909
81961.132411
81223.900919
80488.410418
57379.195918
79754.689833
79022.768010
78292.673731
58041.477684
77564.435706
76838.082565
76113.642873
75391.145109
58706.411997
74670.617700
73952.088953
73235.587138
72521.140422
71808.776901
59373.972709
71098.524584
70390.411397
69684.465187
68980.713701
60044.133573
68279.184647
67579.905559
66882.903965
66188.207266
65495.842769
60716.868238
64805.837723
64118.219227
61392.150248
63433.014341
62069.953052
62750.250000
