2.467399
9.869572
22.206446
39.477899
61.683762
88.823815
120.897791
157.905375
199.846201
246.719858
298.525882
355.263764
416.932944
483.532817
555.062724
631.521963
712.909779
799.225371
890.467889
986.636434
1087.730059
1193.747768
1304.688518
1420.551214
1541.334716
1667.037834
1797.659330
1933.197918
2073.652262
2219.020979
2369.302637
2524.495756
2684.598807
2849.610213
3019.528349
3194.351541
3374.078067
3558.706157
3748.233993
3942.659707
4141.981384
4346.197061
4555.304727
4769.302322
4988.187738
5211.958819
5440.613361
5674.149112
5912.563771
6155.854990
6404.020373
6657.057475
6914.963804
7177.736819
7445.373933
7717.872509
7995.229863
8277.443263
8564.509929
8856.427034
9153.191702
9454.801010
9761.251988
10072.541617
10388.666830
10709.624515
11035.411509
11366.024604
11701.460542
12041.716021
12386.787689
12736.672146
13091.365946
13450.865597
13815.167556
14184.268235
14558.163999
14936.851164
15320.326002
15708.584734
16101.623537
16499.438539
16902.025821
17309.381418
17721.501318
18138.381465
18560.017739
18986.406007
19417.542056
19853.421642
20294.040473
20739.394207
21189.478460
21644.288800
22103.820733
22568.069756
23037.031279
23510.700689
23989.073320
24472.144463
24959.909343
25452.363183
25949.501113
26451.318242
26957.809633
27468.970272
27984.795161
28505.279195
29030.417260
29560.204159
30094.634709
30633.703622
31177.405601
31725.735266
32278.687253
32836.256090
33398.436300
33965.222314
34536.608595
35112.589491
35693.159314
36278.312377
36868.042896
37462.345076
38061.213028
38664.640905
39272.622738
39885.152514
40502.224248
41123.831837
41749.969137
42380.630025
43015.808266
43655.497583
44299.691718
44948.384305
45601.568931
46259.239207
46921.388633
47588.010664
48259.098780
48934.646348
49614.646688
50299.093153
50987.978982
51681.297339
52379.041491
53081.204476
53787.779438
54498.759401
55214.137314
55933.906222
56658.058948
57386.588420
58119.487445
58856.748755
59598.365182
60344.329331
61094.633918
61849.271539
62608.234693
63371.516034
64139.107902
64911.002872
65687.193209
66467.671395
67252.429621
68041.460273
68834.755468
69632.307499
70434.108407
71240.150394
72050.425425
72864.925611
73683.642840
74506.569134
75333.696304
76165.016283
77000.520806
77840.201717
78684.050673
79532.059433
80384.219576
81240.522774
82100.960529
82965.524427
83834.205893
84706.996429
85583.887380
86464.870165
87349.936052
88239.076377
89132.282329
90029.545162
90930.855987
91836.205977
92745.586163
93658.987640
94576.401358
95497.818334
96423.229439
97352.625612
98285.997640
99223.336396
100164.632570
101109.877005
102059.060193
103012.173008
103969.205955
104930.149576
105894.994521
106863.731076
107836.349940
108812.841448
109793.195842
110777.403676
111765.455183
112757.340507
113753.050064
114752.573984
115755.902304
116763.025317
117773.933048
118788.615416
119807.062606
120829.264553
121855.210997
122884.892070
123918.297546
124955.417279
125996.240887
127040.758322
128088.959225
129140.833315
130196.370041
131255.559224
132318.390353
133384.852967
134454.936616
135528.630490
1001998.532032
1001991.126666
1001978.780643
1001961.504882
1001939.309755
1001912.187088
1001880.120779
1001843.104293
1001801.150809
1001754.245391
1001702.502963
1001645.745785
1001584.065153
1001517.440153
1001445.959396
1001369.484920
1001288.087523
1001201.739354
1001110.551322
1001014.375258
1000913.275814
1000807.254257
1000696.311557
1000580.446362
1000459.664404
1000333.964175
1000203.341752
1000067.802433
999927.347775
999781.978974
999631.697097
999476.504467
999316.401272
999151.389712
998981.468887
998806.651261
998626.921966
998442.293857
998252.766008
998058.340290
997859.018616
997654.802943
997445.695273
997231.697648
997012.812291
996789.041182
996560.386639
996326.850888
996088.436229
995845.145000
995596.978529
995343.943633
995086.036196
994823.263181
994555.626066
994283.127422
994005.758720
993723.568224
993436.490033
993144.565128
992847.816175
992546.198978
992239.744665
991928.461707
991612.325081
991291.381794
990965.590291
990634.971195
990299.543672
989959.283976
989614.210681
989264.329478
988909.630189
988550.137269
988185.825493
987816.738970
987442.836754
987064.147454
986680.675377
986292.412675
985899.378706
985501.561812
985098.973154
984691.611852
984279.506205
983862.618771
983440.982001
983014.594250
982583.457663
982147.578639
981706.959235
981261.606085
980811.521266
980356.711479
979897.179034
979432.930474
978963.968546
978490.299485
978011.926554
977528.855667
977041.090557
976548.636912
976051.498801
975549.681843
975043.190192
974532.028356
974016.206344
973495.720527
972970.583051
972440.795573
971906.363211
971367.298710
970823.594290
970275.264867
969722.312712
969164.743945
968602.563663
968035.777422
967464.391700
966888.410418
966307.840076
965722.688325
965132.957071
964538.654971
963939.786930
963336.358901
962728.377493
962115.847388
961498.774853
960877.167317
960251.032696
959620.369952
958985.191770
958345.502393
957701.308198
957052.615802
956399.430998
955741.759983
955079.608799
954412.989603
953741.904385
953066.353567
952386.352890
951701.907360
951013.020952
950319.701614
949621.955923
948919.794876
948213.222072
947502.242374
946786.863749
946067.093773
945342.940999
944614.411640
943881.510288
943144.253508
942402.630563
941656.674925
940906.366065
940151.728444
939392.765344
938629.482133
937861.893534
937089.997540
936313.806771
935533.328590
934748.570332
933959.539807
933166.242472
932368.693947
931566.892050
930760.849762
929950.574560
929136.071752
928317.359799
927494.430865
926667.303621
925835.983607
925000.479144
924160.798384
923316.949464
922468.937828
921616.782067
920760.477716
919900.039663
919035.475648
918166.790684
917294.007340
916417.112605
915536.127007
914651.066576
913761.923838
912868.716747
911971.455453
911070.141324
910164.795788
909255.415063
908342.012367
907424.598635
906503.181671
905577.770552
904648.374017
903715.002736
902777.663615
901836.365370
900891.125084
899941.939773
898988.826281
898031.794698
897070.850073
896106.005926
895137.267727
894164.651212
893188.158591
892207.804127
891223.596316
890235.544851
889243.659465
888247.949926
887248.425218
886245.098446
885237.974722
884227.066993
883212.384558
882193.936695
881171.736158
880145.789009
879116.107913
878082.701976
877045.583217
876004.758432
874960.242346
873912.040732
872860.166777
871804.629942
870745.440759
869682.609632
868616.147028
867546.063451
866472.368797
865395.076224
864314.192383
863229.729874
862141.702100
861050.114306
859954.980212
858856.312902
857754.118337
856648.410568
855539.199718
854426.496190
853310.312998
852190.656689
136605.924423
851067.545799
849940.982588
848810.982410
137686.807534
847677.560915
846540.719915
845400.476987
844256.841770
843109.824482
138771.269243
841959.440560
840805.695110
839648.603706
838488.176556
837324.425348
836157.361249
834986.995937
833813.340849
832636.407734
831456.207905
830272.752414
829086.055216
139859.298869
827896.126175
826702.975784
825506.618520
824307.064327
823104.325262
140950.885695
821898.415095
820689.342542
819477.121612
818261.763714
817043.280862
815821.684992
814596.988179
813369.202418
812138.340029
810904.411696
809667.433175
808427.414132
807184.364083
142046.018969
805938.301808
804689.232936
803437.174014
143144.687903
802182.137219
800924.131972
799663.173290
798399.272807
797132.442932
795862.696231
794590.045153
793314.502189
792036.080170
790754.791279
789470.648399
788183.664151
786893.850885
785601.222410
784305.789854
783007.566670
781706.566707
780402.801146
779096.283447
777787.026362
144246.881677
776475.043903
775160.347104
773842.950197
772522.865799
771200.106934
769874.686664
768546.617336
767215.914032
145352.589434
765882.588363
764546.652756
763208.121469
761867.007729
760523.324342
759177.084409
146461.800282
757828.302419
756476.989780
755123.161005
753766.829168
752408.007608
751046.709711
749682.948878
748316.738574
746948.092230
745577.023293
744203.545403
742827.671878
741449.416421
740068.792374
147574.503296
738685.814150
737300.494118
735912.846786
734522.885390
148690.687516
733130.624391
731736.076371
730339.255836
728940.176311
727538.851611
726135.295443
724729.521979
723321.544588
149810.341949
721911.377600
150933.455564
720499.034411
719084.529221
717667.875975
716249.088578
714828.181012
713405.167267
711980.061360
710552.877302
709123.629227
707692.331146
706258.997150
704823.641312
152060.017300
703386.278090
701946.921140
700505.584832
153190.016060
699062.283688
154323.440715
697617.031712
696169.842748
694720.731524
693269.712247
691816.799071
690362.006398
688905.348478
687446.839896
685986.494657
684524.327116
683060.352436
155460.280098
681594.584285
156600.523014
680127.037323
678657.725715
677186.664374
675713.867622
674239.349963
672763.125922
671285.210037
669805.616869
668324.360988
666841.456987
665356.919472
663870.763062
662383.002402
660893.652136
659402.726693
157744.158230
657910.241555
158891.174483
656416.210757
654920.648684
653423.570881
651924.991424
160041.560474
650424.925899
648923.388034
647420.393375
161195.304871
162352.396312
645915.956603
644410.092216
642902.815351
641394.140762
639884.083281
638372.657750
163512.823398
164676.574699
636859.879417
165843.638753
635345.762691
633830.322584
632313.574203
630795.532403
629276.212139
627755.628371
626233.796081
624710.730256
623186.445841
621660.957975
167014.004064
620134.281772
618606.431838
617077.423620
615547.272046
614015.992197
612483.599180
610950.108046
609415.533925
607879.891904
606343.197181
604805.464746
168187.659103
169364.592312
603266.710115
601726.947832
600186.193563
170544.792097
598644.462393
597101.769307
595558.129691
594013.558692
592468.071455
171728.246833
590921.683484
589374.409555
172914.944863
587826.265323
586277.265767
584727.426279
583176.762090
581625.288450
580073.020725
578519.974104
576966.163919
575411.605469
573856.314140
572300.305111
570743.593868
569186.195547
567628.125630
174104.874500
566069.399730
175298.024020
564510.032543
562950.039898
561389.437076
559828.239430
558266.462337
556704.121072
176494.381674
555141.231457
553577.808225
552013.867266
550449.423788
548884.493247
547319.091068
545753.232647
544186.933317
177693.935675
542620.208890
178896.674210
541053.074279
539485.545180
537917.637040
536349.365263
534780.745306
533211.792609
531642.522663
530072.950718
180102.585431
528503.092792
181311.657460
182523.878389
526932.963751
525362.579200
523791.954739
522221.105729
520650.047754
183739.236275
184957.719150
519078.796554
186179.315009
517507.366865
515935.774649
514364.035276
187404.011822
512792.164566
511220.177426
188631.797524
509648.089743
508075.916833
506503.674232
189862.660023
504931.377507
503359.041968
191096.587194
501786.683243
500214.316761
498641.958027
497069.622525
495497.325673
192333.566884
193573.586908
493925.083225
492352.910281
490780.822566
489208.835524
487636.964623
486065.225347
484493.633197
482922.203551
194816.635053
481350.952203
479779.894148
478209.045231
196062.699073
197311.766697
476638.420833
475068.036324
473497.907280
471928.049125
470358.477237
198563.825621
468789.207500
467220.254662
465651.634711
199818.863510
464083.363017
462515.454746
201076.868005
460947.925819
459380.791185
457814.066572
202337.826714
456247.767364
454681.908935
453116.506735
203601.727216
451551.576231
449987.132743
204868.557063
448423.191766
446859.768648
445296.878819
443734.537659
442172.760573
440611.562903
206138.303775
439050.960121
437490.967478
435931.600412
434372.874265
432814.804366
207410.954848
431257.406189
208686.497743
429700.694869
428144.685877
426589.394508
425034.836080
423481.025906
421927.979287
420375.711520
209964.919898
418824.237919
417273.573719
415723.734201
211246.208721
414174.734743
412626.590411
411079.316587
409532.928470
212530.351591
407987.441312
406442.870300
213817.335859
404899.230701
403356.537663
401814.806405
215107.148849
400274.052143
398734.289999
397195.535171
395657.802815
394121.108038
216399.777856
392585.466106
391050.891955
389517.400758
217695.210148
387985.007852
218993.432964
386453.727965
384923.576381
383394.568098
220294.433520
381866.718399
380340.041974
378814.554099
377290.269733
221598.198995
375767.203930
374245.371628
372724.787862
371205.467589
222904.716554
369687.425804
368170.677416
366655.237394
365141.120642
224213.973324
363628.342108
225525.956410
362116.916715
360606.859235
359098.184621
226840.652890
357590.907812
356085.043485
354580.606580
228158.049812
353077.611922
351576.074259
350076.008419
348577.429168
347080.351255
229478.134202
345584.789474
344090.758485
230800.893056
342598.273050
341107.347860
339617.997599
338130.236937
336644.080529
335159.543013
333676.639012
332195.383131
330715.789962
329237.874078
327761.650037
326287.132379
324814.335627
323343.274289
321873.962844
232126.313346
320406.415808
318940.647570
317476.672612
316014.505341
314554.160163
233454.382016
313095.651465
311638.993601
310184.200929
308731.287776
307280.268452
234785.085985
305831.157253
304383.968448
302938.716293
301495.415025
300054.078860
298614.721993
297177.358605
295742.002846
236118.412146
294308.668872
292877.370779
291448.122669
237454.347365
290020.938651
238792.878484
288595.832735
287172.818987
285751.911419
284333.124021
282916.470782
281501.965595
280089.622492
240133.992319
278679.455363
241477.675660
277271.478124
275865.704436
274462.148348
273060.823637
242823.915270
271661.744222
270264.923627
268870.375791
244172.697890
267478.114426
266088.153220
264700.505876
263315.186061
261932.207420
260551.583536
245524.010237
259173.328157
257797.454637
246877.838998
256423.976682
255052.907774
253684.261421
248234.170834
252318.051106
249592.992393
250954.290286
