2.467401
9.869603
22.206603
39.478397
61.684977
88.826334
120.902459
157.913338
199.858957
246.739299
298.554345
355.304076
416.988468
483.607499
555.161140
631.649364
713.072141
799.429439
890.721223
986.947457
1088.108105
1194.203125
1305.232475
1421.196113
1542.093992
1667.926064
1798.692280
1934.392589
2075.026936
2220.595266
2371.097522
2526.533644
2686.903572
2852.207241
3022.444586
3197.615541
3377.720036
3562.758000
3752.729361
3947.634042
4147.471967
4352.243058
4561.947234
4776.584411
4996.154505
5220.657430
5450.093096
5684.461414
5923.762290
6167.995631
6417.161340
6671.259319
6930.289467
7194.251682
7463.145860
7736.971895
8015.729679
8299.419101
8588.040051
8881.592413
9180.076073
9483.490912
9791.836810
10105.113647
10423.321298
10746.459637
11074.528538
11407.527870
11745.457503
12088.317303
12436.107134
12788.826860
13146.476341
13509.055436
13876.564002
14249.001894
14626.368966
15008.665067
15395.890047
15788.043754
16185.126033
16587.136726
16994.075676
17405.942721
17822.737700
18244.460448
18671.110797
19102.688581
19539.193628
19980.625767
20426.984823
20878.270620
21334.482979
21795.621722
22261.686666
22732.677626
23208.594418
23689.436853
24175.204741
24665.897892
25161.516116
25662.059197
26167.526968
26677.919210
27193.235726
27713.476313
28238.640766
28768.728877
29303.740437
29843.675236
30388.533059
30938.313692
31493.016925
32052.642511
32617.190271
33186.659955
33761.051344
34340.364213
34924.598332
35513.753471
36107.829405
36706.825868
37310.742672
37919.579546
38533.336257
39152.012565
39775.608224
40404.122999
41037.556602
41675.908841
42319.179427
42967.368114
43620.474647
44278.498779
44941.440209
45609.298736
46282.074057
46959.765915
47642.374044
48329.898186
49022.338021
49719.693350
50421.963847
51129.149249
51841.249289
52558.263634
53280.192080
54007.034288
54738.789986
55475.458898
56217.040680
56963.535119
57714.941868
58471.260643
59232.491160
59998.633060
60769.686130
61545.650006
62326.524396
63112.309012
63903.003465
64698.607562
65499.120909
66304.543231
67114.874129
67930.113404
68750.260654
69575.315595
70405.277823
71240.147128
72079.923102
72924.605453
73774.193769
74628.687834
75488.087230
76352.391658
77221.600698
78095.714126
78974.731518
79858.652567
80747.476841
81641.204115
82539.833952
83443.366041
84351.799936
85265.135413
86183.372022
87106.509447
88034.547225
88967.485139
89905.322722
90848.059662
91795.695449
92748.229917
93705.662577
94667.992985
95635.220911
96607.345874
97584.367551
98566.285415
99553.099290
100544.808671
101541.413099
102542.912335
103549.305882
104560.593405
105576.774355
106597.848557
107623.815485
108654.674658
109690.425841
110731.068511
111776.602331
112827.026705
113882.341495
114942.546146
116007.640102
117077.623218
118152.494934
119232.254689
120316.902330
121406.437293
122500.859013
123600.167328
124704.361668
125813.441465
126927.406549
128046.256345
129169.990281
130298.608177
131432.109455
132570.493538
133713.760238
134861.908973
136014.939160
137172.850604
138335.642717
139503.314912
140675.866988
141853.298350
143035.608407
144222.796949
145414.863379
146611.807097
147813.627890
149020.325154
150231.898283
151448.347058
152669.670869
153895.869106
155126.941543
156362.887564
157603.706554
158849.398280
160099.962122
161355.397457
162615.704049
163880.881270
165150.928491
166425.845472
167705.631580
168990.286176
170279.809018
171574.199467
172873.456875
174177.581000
175486.571192
176800.426797
178119.147572
179442.732859
180771.181995
182104.494737
183442.670418
184785.708366
186133.608339
187486.369663
188843.991652
190206.474070
191573.816232
192946.017438
194323.077463
195704.995609
197091.771155
198483.403898
199879.893126
201281.238075
202687.438598
204098.493987
205514.403285
206935.166693
208360.782947
209791.251955
211226.572987
212666.745257
214111.768614
215561.642330
217016.365417
218475.938093
219940.359048
221409.628195
222883.744784
224362.707994
225846.517691
227335.173128
228828.673243
230327.018344
231830.206994
233338.239182
234851.114154
236368.830839
237891.389533
239418.788792
240951.028594
242488.108174
244030.026456
245576.783722
247128.378521
248684.810820
250246.079847
251812.184511
253383.125091
254958.900121
256539.509563
258124.952633
259715.228229
261310.336625
262910.276339
264515.047331
266124.648803
267739.079639
269358.340116
270982.428730
272611.345439
274245.089436
275883.659582
277527.056168
279175.277656
280828.324013
282486.194420
284148.887704
285816.404190
287488.742287
289165.901986
290847.882453
292534.682461
294226.302406
295922.740604
297623.997104
299330.071065
301040.961097
302756.667903
304477.189345
306202.526015
307932.676208
309667.639966
311407.416435
313152.004199
314901.403971
316655.613573
318414.633610
320178.462340
321947.099809
323720.545150
325498.796901
327281.855822
329069.719652
330862.389053
332659.862203
334462.139190
336269.219130
338081.100443
339897.784088
341719.267508
343545.551708
345376.634388
347212.516214
349053.195328
350898.671815
352748.944777
354604.012581
356463.876234
358328.533086
360197.984204
362072.227187
363951.262769
365835.088997
367723.706002
369617.112866
371515.307817
373418.292088
375326.062697
377238.621069
379155.964332
381078.093776
383005.006680
384936.704142
386873.183674
388814.446051
390760.489232
392711.313375
394666.917536
396627.299817
398592.461626
400562.399702
402537.115741
404516.606504
406500.873657
408489.913981
410483.729114
412482.315861
414485.675828
416493.805841
418506.707480
420524.377590
422546.817723
424574.024745
426606.000180
428642.740914
430684.248444
432730.519675
434781.556077
436837.354574
438897.916611
440963.239130
443033.323549
445108.166829
447187.770363
449272.131129
451361.250494
453455.125456
455553.757357
457657.143209
459765.284331
461878.177754
463995.824770
466118.222427
468245.371995
470377.270537
472513.919299
474655.315361
476801.459944
478952.350144
481107.987161
483268.368106
485433.494153
487603.362431
489777.974092
491957.326279
494141.420121
496330.252775
498523.825351
500722.135018
502925.182865
505132.966075
507345.485715
509562.738983
511784.726924
514011.446750
516242.899484
518479.082353
520719.996359
522965.638741
525216.010481
527471.108831
529730.934753
531995.485511
534264.762048
536538.761640
538817.485210
541100.930046
543389.097052
545681.983528
547979.590358
550281.914854
552588.957881
554900.716763
557217.192346
559538.381965
561864.286448
564194.903139
566530.232850
568870.272935
571215.024187
573564.483972
575918.653065
578277.528841
580641.112059
583009.400102
585382.393713
587760.090287
590142.490546
592529.591895
594921.395041
597317.897398
599719.099656
602124.999238
604535.596818
606950.889827
609370.878924
611795.561547
614224.938341
616659.006751
619097.767407
621541.217762
623989.358430
626442.186873
628899.703689
631361.906348
633828.795433
636300.368421
638776.625881
641257.565297
643743.187224
646233.489151
648728.471621
651228.132129
653732.471203
656241.486345
658755.178071
661273.543888
663796.584297
666324.296813
668856.681923
671393.737147
673935.462961
676481.856890
679032.919396
681588.648009
684149.043179
686714.102443
689283.826237
691858.212101
694437.260462
697020.968864
699609.337721
702202.364582
704800.049849
707402.391076
710009.388654
712621.040138
715237.345911
717858.303530
720483.913368
723114.172986
725749.082744
728388.640208
731032.845728
733681.696872
736335.193979
738993.334621
741656.119128
744323.545072
746995.612775
749672.319810
752353.666492
755039.650393
757730.271821
760425.528349
763125.420275
765829.945175
768539.103338
771252.892340
773971.312465
776694.361286
779422.039080
782154.343421
784891.274580
787632.830128
790379.010332
793129.812759
795885.237672
798645.282637
801409.947910
804179.231055
806953.132324
809731.649278
812514.782165
815302.528542
818094.888654
820891.860053
823693.442982
826499.634988
829310.436313
832125.844496
834945.859779
837770.479694
840599.704485
843433.531674
846271.961506
849114.991496
851962.621889
854814.850192
857671.676652
860533.098763
863399.116782
866269.728185
869144.933238
872024.729402
874909.116952
877798.093330
880691.658824
883589.810854
886492.549726
889399.872833
892311.780502
895228.270095
898149.341968
901074.993440
904005.224908
906940.033637
909879.420080
912823.381428
915771.918216
918725.027524
921682.710021
924644.962599
927611.786202
930583.177274
933559.138092
936539.661664
939524.753392
942514.408736
945508.626193
948507.406090
951510.745710
954518.645428
957531.102466
960548.117263
963569.686957
966595.812081
969626.489648
972661.720345
975701.500970
978745.832517
981794.711294
984848.139733
987906.110459
990968.629254
994035.691348
997107.295155
1000183.441119
1003264.126319
1006349.351310
1009439.113025
1012533.412196
1015632.245515
1018735.614059
1021843.513972
1024955.947921
1028072.907993
1031194.400556
1034320.420526
1037450.966195
1040586.038254
1043725.633402
1046869.752678
1050018.392229
1053171.554687
1056329.232151
1059491.430939
1062658.145974
1065829.375522
1069005.120266
1072185.376878
1075370.146395
1078559.424929
1081753.215136
1084951.509010
1088154.312963
1091361.621849
1094573.433899
1097789.749829
1101010.566232
1104235.884216
1107465.699754
1110700.015729
1113938.823622
1117182.130416
1120429.930684
1123682.222502
1126939.006942
1130200.279991
1133466.044483
1136736.291944
1140011.029281
1143290.251089
1146573.955430
1149862.143355
1153154.810847
1156451.960721
1159753.584493
1163059.689058
1166370.269001
1169685.322365
1173004.850200
1176328.848456
1179657.319981
1182990.256186
1186327.664063
1189669.538134
1193015.876408
1196366.679977
1199721.944707
1203081.673570
1206445.857686
1209814.504366
1213187.607965
1216565.166416
1219947.180966
1223333.647236
1226724.568667
1230119.935342
1233519.755780
1236924.023830
1240332.736928
1243745.898427
1247163.498544
1250585.545624
1254012.033590
1257442.959885
1260878.327781
1264318.127619
1267762.367583
1271211.041660
1274664.147303
1278121.687709
1281583.653326
1285050.052195
1288520.878362
1291996.129284
1295475.808093
1298959.905328
1302448.428906
1305941.372923
1309438.734837
1312940.517723
1316446.712198
1319957.326071
1323472.353478
1326991.791879
1330515.644301
1334043.901415
1337576.570952
1341113.647074
1344655.127237
1348201.014436
1351751.299372
1355305.989723
1358865.079667
1362428.566650
1365996.453653
1369568.731372
1373145.407473
1376726.476130
1380311.934772
1383901.786391
1387496.021632
1391094.648203
1394697.660248
1398305.055171
1401916.836007
1405532.993284
1409153.534832
1412778.454726
1416407.750331
1420041.424783
1423679.468373
1427321.889194
1430968.681191
1434619.841650
1438275.373945
1441935.267842
1445599.532038
1449268.160209
1452941.149433
1456618.503855
1460300.211416
1463986.282964
1467676.712472
1471371.492018
1475070.630216
1478774.120766
1482481.960726
1486194.154241
1489910.689186
1493631.576463
1497356.810034
1501086.381830
1504820.300631
1508558.560056
1512301.157065
1516048.096089
1519799.364291
1523554.973395
1527314.917316
1531079.186598
1534847.791837
1538620.727100
1542397.984401
1546179.572325
1549965.484563
1553755.718066
1557550.277200
1561349.149166
1565152.345611
1568959.860484
1572771.684237
1576587.827530
1580408.284416
1584233.046725
1588062.123249
1591895.507570
1595733.196523
1599575.194799
1603421.488799
1607272.091085
1611126.995453
1614986.191125
1618849.690409
1622717.487179
1626589.570815
1630465.953374
1634346.628811
1638231.586656
1642120.838725
1646014.379047
1649912.197301
1653814.305067
1657720.696447
1661631.361265
1665546.310870
1669465.539435
1673389.036925
1677316.814465
1681248.866297
1685185.182523
1689125.774049
1693070.635184
1697019.756162
1700973.147679
1704930.804108
1708892.715812
1712858.893279
1716829.330946
1720804.019302
1724782.968634
1728766.173441
1732753.624330
1736745.331395
1740741.289195
1744741.488453
1748745.939076
1752754.635678
1756767.569096
1760784.749055
1764806.170222
1768831.823546
1772861.718573
1776895.850026
1780934.208956
1784976.804740
1789023.632151
1793074.682342
1797129.964525
1801189.473524
1805253.200585
1809321.154766
1813393.330935
1817469.720432
1821550.332163
1825635.161042
1829724.198495
1833817.453284
1837914.920366
1842016.591249
1846122.474559
1850232.565293
1854346.855038
1858465.352287
1862588.052076
1866714.946067
1870846.042628
1874981.336833
1879120.820410
1883264.501613
1887412.375548
1891564.434005
1895720.685134
1899881.124070
1904045.742659
1908214.548952
1912387.538114
1916564.702040
1920746.048694
1924931.573263
1929121.267688
1933315.139851
1937513.184965
1941715.395004
1945921.777784
1950132.328535
1954347.039259
1958565.917717
1962788.959155
1967016.155589
1971247.514744
1975483.031873
1979722.698999
1983966.523823
1988214.501606
1992466.624359
1996722.899782
2000983.323136
2005247.886406
2009516.597314
2013789.451116
2018066.439745
2022347.570981
2026632.840063
2030922.238848
2035215.775210
2039513.444367
2043815.238052
2048121.164299
2052431.218285
2056745.391563
2061063.692409
2065386.115952
2069712.653448
2074043.313572
2078378.091387
2082716.977631
2087059.981678
2091407.098562
2095758.317850
2100113.650457
2104473.092368
2108836.627839
2113204.272729
2117576.018959
2121951.865704
2126331.803726
2130715.842304
2135103.976523
2139496.195845
2143892.511266
2148292.918869
2152697.402380
2157105.978185
2161518.638065
2165935.381389
2170356.197840
2174781.098061
2179210.078199
2183643.122308
2188080.246329
2192521.442193
2196966.709244
2201416.037300
2205869.436770
2210326.903855
2214788.422771
2219254.009213
2223723.655197
2228197.360060
2232675.113622
2237156.926245
2241642.794185
2246132.701504
2250626.664022
2255124.673722
2259626.730001
2264132.822316
2268642.961474
2273157.143907
2277675.352337
2282197.603990
2286723.890518
2291254.212752
2295788.555004
2300326.932708
2304869.337987
2309415.770237
2313966.218862
2318520.694670
2323079.194223
2327641.699741
2332208.228915
2336778.773299
2341353.334122
2345931.894018
2350514.470156
2355101.054259
2359691.647476
2364286.232830
2368884.826997
2373487.421862
2378094.018496
2382704.600286
2387319.183448
2391937.760016
2396560.330992
2401186.880093
2405817.423113
2410451.952225
2415090.468365
2419732.955554
2424379.429196
2429029.881591
2433684.313618
2438342.709566
2443005.084494
2447671.430812
2452341.749351
2457016.024628
2461694.271403
2466376.482185
2471062.657761
2475752.782836
2480446.871920
2485144.917605
2489846.920649
2494552.865882
2499262.767638
2503976.618567
2508694.419417
2513416.155061
2518141.839751
2522871.466168
2527605.035073
2532342.531264
2537083.969051
2541829.341101
2546578.648248
2551331.874980
2556089.035921
2560850.123661
2565615.139248
2570384.066285
2575156.920313
2579933.693721
2584714.388762
2589498.985123
2594287.501927
2599079.930001
2603876.267844
2608676.516167
2613480.660016
2618288.713264
2623100.668746
2627916.527439
2632736.273276
2637559.921308
2642387.464094
2647218.903920
2652054.220372
2656893.432551
2661736.531296
2666583.515131
2671434.385045
2676289.124920
2681147.749779
2686010.252218
2690876.634774
2695746.876138
2700620.996226
2705498.985622
2710380.842961
2715266.570626
2720156.147947
2725049.594096
2729946.899907
2734848.063987
2739753.088591
2744661.953594
2749574.677527
2754491.251437
2759411.673911
2764335.947101
2769264.051311
2774196.004560
2779131.798064
2784071.430396
2789014.903642
2793962.198381
2798913.332287
2803868.296690
2808827.090156
2813789.714770
2818756.151135
2823726.416846
2828700.503261
2833678.408955
2838660.136159
2843645.664958
2848635.013418
2853628.172749
2858625.141595
2863625.923122
2868630.494501
2873638.876509
2878651.059341
2883667.041190
2888686.820594
2893710.399618
2898737.759050
2903768.916086
2908803.862227
2913842.596099
2918885.120871
2923931.413793
2928981.495414
2934035.356006
2939092.993751
2944154.407244
2949219.599492
2954288.548402
2959361.273769
2964437.766115
2969518.023611
2974602.044833
2979689.832706
2984781.365476
2989876.662517
2994975.714493
3000078.519563
3005185.076305
3010295.387730
3015409.431815
3020527.228131
3025648.767277
3030774.047409
3035903.067160
3041035.830351
3046172.312456
3051312.535382
3056456.488960
3061604.171186
3066755.580201
3071910.714614
3077069.578136
3082232.146707
3087398.441662
3092568.453024
3097742.178775
3102919.617046
3108100.766470
3113285.631237
3118474.185905
3123666.453023
3128862.422239
3134062.091499
3139265.458771
3144472.522167
3149683.280281
3154897.737076
3160115.867996
3165337.694585
3170563.206824
3175792.402648
3181025.280009
3186261.837006
3191502.072242
3196745.990008
3201993.564851
3207244.819049
3212499.742367
3217758.332723
3223020.588035
3228286.506241
3233556.085420
3238829.324173
3244106.226958
3249386.767953
3254670.969640
3259958.821735
3265250.322145
3270545.468773
3275844.259521
3281146.692308
3286452.765197
3291762.476801
3297075.832016
3302392.803829
3307713.415701
3313037.657059
3318365.525799
3323697.019815
3329032.136998
3334370.875238
3339713.232416
3345059.206415
3350408.795130
3355761.996597
3361118.809415
3366479.238684
3371843.257028
3377210.888018
3382582.121074
3387956.954076
3393335.384903
3398717.411433
3404103.031542
3409492.243104
3414885.043992
3420281.432079
3425681.405236
3431084.961330
3436492.098229
3441902.813801
3447317.105909
3452734.972417
3458156.411188
3463581.420080
3469009.996955
3474442.139669
3479877.846078
3485317.114038
3490759.941403
3496206.326024
3501656.265752
3507109.758436
3512566.801924
3518027.394063
3523491.532698
3528959.215673
3534430.440830
3539905.206009
3545383.509051
3550865.347793
3556350.720072
3561839.623724
3567332.056582
3572828.016479
3578327.501246
3583830.508713
3589337.036709
3594847.083059
3600360.645591
3605877.722127
3611398.310491
3616922.408505
3622450.013988
3627981.124758
3633515.738634
3639053.853432
3644595.466964
3650140.577046
3655689.181488
3661241.278101
3666796.864694
3672355.939075
3677918.499049
3683484.542422
3689054.066998
3694627.070577
3700203.550962
3705783.505951
3711366.933342
3716953.830932
3722544.196517
3728138.027890
3733735.322844
3739336.079170
3744940.294659
3750547.967099
3756159.094282
3761773.674017
3767391.702717
25009992.974577
25009983.428272
25009971.333901
25009944.422329
25009947.570669
25009927.623951
25009890.186681
25009846.282882
25009801.833013
25009754.350688
25009702.420894
25009645.660229
25009583.971498
25009517.326271
25009445.713165
25009369.125368
25009287.557084
25009201.001067
25009109.446055
25009012.863413
25008911.209939
25008804.264488
25008693.397642
25008587.891974
25008455.020607
25008329.500272
25008200.556408
25008065.905902
25007925.849885
25007780.610881
25007630.302457
25007474.983254
25007314.684999
25007149.425618
25006979.215621
25006804.061395
25006623.966977
25006438.935048
25006248.967494
25006054.065720
25005854.230821
25005649.463621
25005439.764529
25005225.133036
25005005.566180
25004781.054074
25004551.565226
25004317.005228
25004077.290282
25003832.621992
25003581.877965
25003328.573484
25003070.501328
25002806.925613
25002538.173516
25002264.393904
25001985.646283
25001701.953885
25001413.325500
25001119.764113
25000821.269961
25000517.840728
25000209.468574
24999896.128749
24999577.738481
24999253.994101
24998923.116762
24998597.049770
24998254.817298
24997912.596959
24997565.020996
24997212.355466
24996854.713510
24996492.128916
24996124.610728
24995752.160295
24995374.775280
24994992.447850
24994605.153759
24994212.793009
24993814.538086
24993415.108067
24993006.677713
24992595.084823
24992178.352960
24991756.637536
24991329.981939
24990898.395356
24990461.878646
24990020.429719
24989574.043014
24989122.698321
24988666.158417
24988205.599907
24987739.239886
24987268.357608
24986792.456820
24986311.611989
24985825.838123
24985335.137452
24984839.509763
24984338.954610
24983833.473706
24983323.056673
24982807.679003
24982287.536149
24981762.386967
24981232.296927
24980697.280604
24980157.339763
24979612.473913
24979062.677278
24978507.842245
24977948.468965
24977383.804467
24976814.354800
24976239.962320
24975660.643179
24975076.381036
24974486.983694
24973889.930332
24973297.694740
24972690.248755
24972081.423752
24971467.671880
24970848.991878
24970225.376042
24969596.662183
24968960.474761
24968328.154173
24967681.953451
24967033.631598
24966380.529878
24965722.503827
24965059.551917
24964391.573295
24963716.757515
24963043.539775
24962358.623338
24961671.102622
24960978.648782
24960281.112365
24959575.960309
24958872.951601
24958161.817203
24957442.853989
24956720.807680
24955993.956999
24955262.066872
24954522.955695
24953784.911729
24953039.156102
24952286.152273
24951529.728888
24950768.344914
24949999.400897
24949232.179617
24948456.187974
24947675.904820
24946888.699147
24946097.990808
24945302.287196
24944499.635142
24943697.100866
24942886.815620
24942071.908122
24941250.734392
24940425.591918
24939593.596130
24938761.512418
24937921.700182
24937077.335235
24936226.802444
24935372.233854
24934510.951734
24933649.261407
24932779.954038
24931906.121070
24931026.266069
24930142.286686
24929251.836275
24928360.356153
24927461.648414
24926558.341762
24925649.198408
24924735.823076
24923816.310293
24922894.921351
24921966.859196
24921034.036525
24920095.626758
24919151.326735
24918205.999633
24917253.164976
24916295.913032
24915333.006718
24914365.753507
24913392.670506
24912417.011419
24911435.227999
24910448.017528
24909456.164615
24908458.528804
24907458.498552
24906451.991614
24905440.783123
24904424.199203
24903402.054055
24902377.675300
24901346.600638
24900310.931980
24899269.907432
24898223.331828
24897174.489370
24896118.909703
24895058.776689
24893993.340069
24892922.432100
24891848.957511
24890768.972221
24889684.382902
24888594.545955
24887499.294123
24886401.178203
24885296.829436
24884187.840625
24883071.495888
24881956.384702
24880831.228161
24879702.672728
24878568.877221
24877429.610722
24876287.784856
24875139.260450
24873986.257729
24872828.141843
24871664.855107
24870497.905338
24869325.308980
24868147.801961
24866964.538869
24865778.771018
24864586.278297
24863389.349259
24862187.367503
24860980.314401
24859769.274553
24858552.843596
24857331.323134
24856104.567977
24854874.371396
24853638.224728
24852397.427638
24851150.779990
24849901.633065
24848645.716071
24847385.420048
24846120.115179
24844849.754614
24843575.275191
24842295.548462
24841009.258893
24839722.456555
24838426.906118
24837127.646658
24835823.416994
24834514.212906
24833200.685442
24831881.958059
24830558.265027
24829229.581595
24827896.628873
24826558.444343
24825215.288441
24823867.057759
24822514.770853
24821157.149348
24819792.948594
24818428.620969
24817055.065739
24815678.027914
24814295.247155
24812909.855804
24811517.660569
24810121.176781
24808719.365704
24807313.854579
24805902.561859
24804486.645314
24803065.590227
24801640.374452
24800209.826909
24798774.433995
24797334.027824
24795889.342122
24794439.465066
24792983.684660
24791525.893274
24790060.697898
24788591.439802
24787116.764034
24785638.626247
24784154.488247
24782664.557562
24781173.628087
24779674.037516
24778170.856629
24776662.286425
24775150.230883
24773632.178893
24772108.573032
24770583.274342
24769050.017701
24767512.940913
24765970.635151
24764424.444806
24762872.630795
24761315.274445
24759755.817902
24758188.826173
24756616.861321
24755043.158163
24753461.525401
24751876.076103
24750285.620128
24748690.768641
24747090.768686
24745485.640667
24743876.627023
24742261.943882
24740642.674310
24739018.505141
24737389.691693
24735755.939137
24734117.178276
24732474.061282
24730825.765302
24729172.353541
24727515.089761
24725852.135808
24724184.612477
24722512.147083
24720835.117602
24719152.122606
24717467.354890
24715774.724644
24714078.280770
24712376.859302
24710670.988609
24708959.014363
24707245.406465
24705523.832221
24703798.487065
24702068.266008
24700333.398256
24698593.603046
24696848.888996
24695099.676210
24693345.412478
24691586.179301
24689822.690810
24688053.929029
24686280.176002
24684502.444544
24682719.152947
24680930.897587
24679138.949209
24677339.974877
24675540.077799
24673731.798110
24671919.907155
24670103.185790
24668281.753188
24666455.457866
24664624.325328
24662788.511757
24660947.816730
24659102.265704
24657252.098971
24655397.005782
24653536.971691
24651672.551439
24649802.004136
24647929.811922
24646049.747828
24644165.550424
24642277.658139
24640383.895245
24638485.489936
24636582.904147
24634674.944146
24632762.170152
24630845.209137
24628922.027825
24626996.898301
24625064.305319
24623127.618809
24621186.754342
24619240.516977
24617289.608504
24615334.157455
24613373.710851
24611408.459102
24609438.653667
24607463.480861
24605484.809604
24603500.132655
24601511.012488
24599517.345044
24597518.690536
24595515.295103
24593507.218189
24591494.297868
24589476.601456
24587454.197500
24585426.980649
24583394.964061
24581358.270053
24579316.383162
24577270.835848
24575218.714763
24573164.396248
24571103.090384
24569037.653095
24566967.785030
24564892.841319
24562813.167400
24560728.912236
24558639.441601
24556546.190109
24554447.247492
24552343.774142
24550235.788591
24548122.539976
24546005.466402
24543882.781353
24541755.593698
24539623.763335
24537487.084909
24535345.667721
24533199.552534
24531048.653962
24528892.965411
24526731.703905
24524568.466334
24522397.644312
24520222.924195
24518043.776080
24515859.587642
24513670.684566
24511477.213647
24509278.426517
24507076.248186
24504867.358331
24502656.205868
24500438.265564
24498216.121824
24495989.688053
24493757.516819
24491522.498342
24489280.297205
24487036.077611
24484784.545123
24482530.349783
24480270.068648
24478005.487170
24475736.264992
24473462.240933
24471183.488952
24468899.539810
24466612.453070
24464319.019453
24462021.373429
24459719.118815
24457411.953635
24455100.374751
24452783.810292
24450462.605858
24448136.721939
24445806.048586
24443470.816759
24441130.729299
24438785.962090
24436436.523157
24434082.243380
24431723.569419
24429359.624433
24426991.864741
24424618.362705
24422241.159831
24419858.511922
24417471.384699
24415079.624166
24412683.008538
24410281.996213
24407876.004642
24405465.352313
24403049.341234
24400630.931490
24398205.442511
24395775.978712
24393342.067280
24390902.906387
24388460.103183
24386011.122615
24383559.331749
24381100.756460
24378639.636796
24376171.752188
24373701.088755
24371224.055216
24368743.758596
24366257.645586
24363767.682786
24361272.530652
24358772.855834
24356268.537213
24353759.455663
24351245.878167
24348727.349709
24346204.524393
24343676.706045
24341144.277077
24338606.516717
24336066.309458
24333518.738438
24330968.491848
24328412.119021
24325852.193597
24323286.786876
24320717.287627
24318142.789103
24315563.732343
24312980.035492
24310391.615429
24307798.677366
24305200.704173
24302598.037298
24299992.429374
24297379.792729
24294763.827502
24292142.697510
24289517.080950
24286886.830895
24284251.889879
24281612.385243
24278968.075020
24276319.380233
24273665.607665
24271007.314221
24268345.433731
24265677.456469
24263005.369275
24260328.471529
24257647.560219
24254961.350487
24252270.723782
24249575.474831
24246875.561523
24244171.071526
24241461.826610
24238747.831983
24236030.034726
24233306.639557
24230578.955283
24227846.661204
24225109.702730
24222368.191006
24219621.908671
24216870.893797
24214116.138292
24211355.718314
24208591.044905
24205821.774749
24203047.834732
24200269.380950
24197486.072348
24194697.990998
24191906.736670
24189109.002244
24186307.698841
24183501.366114
24180690.549948
24177874.812283
24175055.490683
24172230.234244
24169401.047560
24166568.006033
24163729.038962
24160885.229308
24158039.156998
24155186.151908
24152329.315532
24149467.908327
24146601.853489
24143731.064963
24140856.303596
24137976.270988
24135091.283432
24132203.505141
24129309.342757
24126411.183457
24123508.455225
24120601.100241
24117688.978997
24114772.996157
24111851.593274
24108926.072258
24105995.746286
24103060.995413
24100121.560798
24097177.637742
24094229.065060
24091275.989130
24088318.272070
24085356.055110
24082389.191129
24079417.844970
24076441.827848
24073461.371372
24070476.151094
24067486.213036
24064492.845915
24061493.455075
24058490.394268
24055482.224214
24052469.635950
24049453.275527
24046431.237964
24043405.264310
24040374.480189
24037339.310060
24034299.478268
24031255.188264
24028206.267052
24025152.882343
24022094.846621
24019032.168875
24015965.552813
24012893.705708
24009817.544178
24006736.370423
24003651.445142
24000562.601353
23997467.269055
23994368.387210
23991265.682953
23988157.880869
23985045.019386
23981928.125889
23978806.592573
23975680.586510
23972550.030888
23969414.964743
23966275.364411
23963131.249594
23959982.605227
23956829.448732
23953671.762846
23950509.572335
23947342.837497
23944171.363600
23940995.881101
23937815.899094
23934630.854185
23931441.156755
23928248.203601
23925049.490260
23921846.247846
23918639.816899
23915427.566301
23912210.798064
23908990.885159
23905765.082624
23902535.334498
23899300.979563
23896062.181447
23892818.866597
23889571.072356
23886318.774668
23883061.995898
23879800.715049
23876534.961016
23873264.682943
23869989.587956
23866710.713999
23863427.484401
23860138.782208
23856846.264392
23853548.973610
23850247.091525
23846941.393311
23843631.039065
23840315.648909
23836996.179270
23833672.143475
23830343.689216
23827010.736844
23823673.341192
23820331.447893
23816984.961526
23813634.495244
23810278.968118
23806919.060515
23803555.254088
23800186.737852
23796813.392682
23793435.494672
23790054.157489
23786667.352601
23783276.043155
23779881.452742
23776481.244552
23773076.969596
23769668.012550
23766254.926786
23762837.930469
23759415.270897
23755988.563778
23752558.168154
23749123.131279
23745682.284080
23742239.220999
23738789.930131
23735336.882521
23731879.309960
23728417.349354
23724950.945122
23721480.124285
23718004.858915
23714524.584855
23711041.711994
23707552.572064
23704059.300175
23700562.591905
23697060.484165
23693553.896172
23690044.062842
23686528.590654
23683009.132205
23679485.490037
23675957.076894
23672424.374328
23668887.428370
23665345.865775
23661799.993864
23658249.695921
23654695.012778
23651135.486358
23647572.866761
23644004.513072
23640432.302981
23636855.573905
23633274.404103
23629689.202073
23626098.721176
23622505.471693
23618906.352100
23615302.854248
23611696.427696
23608083.670644
23604468.502325
23600847.444005
23597222.567653
23593593.245970
23589959.580203
23586321.526114
23582679.040657
23579032.392039
23575380.710908
23571726.075254
23568065.731040
23564400.905944
23560733.177775
23557060.074459
23553382.498548
23549700.222287
23546014.996351
23542324.573358
23538629.462474
23534930.250150
23531226.909509
23527519.172961
23523806.838339
23520090.318734
23516369.412389
23512643.767393
23508915.051273
23505180.699586
23501442.171519
23497700.110901
23493952.882796
23490201.657042
23486445.571916
23482686.538392
23478921.736674
23475152.875226
23471380.683185
23467603.014613
23463821.226117
23460035.716937
23456245.269777
23452450.736991
23448651.837127
23444848.184500
23441041.621893
23437229.286358
23433413.147613
23429592.770632
23425767.948570
23421938.879616
23418105.490241
23414267.741783
23410425.752848
23406579.627515
23402728.873193
23398873.574891
23395015.273668
23391151.290552
23387283.534782
23383411.417942
23379534.715978
23375654.712800
23371769.411662
23367879.867750
23363986.786493
23360088.930593
23356186.686575
23352280.313632
23348369.325536
23344454.999459
23340535.415068
23336611.620276
23332684.573959
23328752.122987
23324815.829190
23320875.036232
23316930.556344
23312981.236483
23309027.857546
23305070.195836
23301108.238063
23297142.049488
23293171.695106
23289197.058428
23285218.025146
23281234.804445
23277247.404019
23273255.663471
23269259.674763
23265259.552280
23261254.739446
23257246.687314
23253233.402114
23249216.179712
23245194.838202
23241169.266855
23237139.270479
23233105.098445
23229066.852921
23225023.760155
23220977.803131
23216925.878539
23212871.473003
23208811.226934
23204748.100706
23200679.831742
23196607.650006
23192531.312494
23188450.663681
23184365.813533
23180276.830941
23176183.531502
23172085.584637
23167984.916747
23163878.202445
23159768.761043
23155654.125207
23151535.602771
23147412.948138
23143286.117256
23139154.777630
23135019.844449
23130880.173458
23126736.502781
23122588.621732
23118436.060756
23114280.677898
23110120.022377
23105955.078226
23101786.628561
23097613.459401
23093436.300837
23089254.740033
23085069.565761
23080879.804612
23076685.856467
23072487.798821
23068285.598533
23064079.248254
23059868.671802
23055653.949635
23051435.093041
23047212.040769
23042984.815949
23038753.457867
23034518.025614
23030278.283867
23026034.025585
23021786.964139
23017533.979151
23013278.394606
23009017.781072
23004753.107696
23000484.380790
22996211.544989
22991934.590613
22987653.426332
22983368.139981
22979078.739454
22974785.235154
22970487.591077
22966185.759258
22961879.836510
22957569.571119
22953255.818615
22948936.938442
22944615.254094
22940287.943672
22935958.088201
22931622.911274
22927283.679812
22922941.097857
22918593.856449
22914242.988329
22909887.341254
22905527.919659
22901164.079642
22896796.875205
22892425.046319
22888049.211552
22883668.950143
22879285.317722
22874897.077108
22870504.835369
22866108.487156
22861708.078197
22857303.603522
22852894.875435
22848482.506044
22844065.393542
22839644.964056
22835219.965365
22830790.825644
22826357.975858
22821920.750566
22817479.558923
22813034.044443
22808585.209373
22804131.559337
22799674.103754
22795212.466053
22790747.098265
22786277.339246
22781803.612574
22777325.857606
22772844.073582
22768358.230871
22763868.336913
22759374.331585
22754876.296901
22750374.230740
22745868.159557
22741358.043173
22736843.875982
22732325.667776
22727803.440956
22723276.920222
22718746.925069
22714212.497981
22709674.063467
22705131.643111
22700585.208577
22696034.772088
22691480.310995
22686921.824393
22682359.329295
22677792.630965
22673222.326096
22668647.708839
22664069.102616
22659486.519655
22654899.954645
22650309.050767
22645715.070847
22641116.162564
22636513.559443
22631907.012852
22627295.999502
22622682.211936
22618063.051930
22613440.861903
22608814.109812
22604183.529731
22599548.865426
22594910.771069
22590268.034010
22585621.531253
22580970.965512
22576316.889293
22571658.283990
22566995.899751
22562329.559625
22557659.259036
22552984.996864
22548306.723881
22543624.235180
22538938.557656
22534248.289017
22529554.119153
22524855.764485
22520154.407560
22515448.122045
22510738.198273
22506024.244793
22501306.763816
22496584.837443
22491859.039162
22487129.658676
22482395.967224
22477658.462452
22472917.035424
22468171.568499
22463422.445574
22458669.118266
22453911.910942
22449150.545449
22444386.137426
22439616.990888
22434844.099351
22430067.318995
22425286.637416
22420501.906393
22415713.571835
22410921.099661
22406124.730374
22401324.466044
22396520.113947
22391712.476432
22386900.386658
22382084.362145
22377264.839191
22372440.874911
22367613.737563
22362782.099062
22357946.771862
22353107.563513
22348264.478008
22343417.379383
22338566.687774
22333711.909446
22328853.131968
22323990.863674
22319124.140964
22314254.196039
22309380.158136
22304502.011248
22299620.158079
22294734.221774
22289844.782756
22284951.684468
22280054.094370
22275152.928919
22270247.927980
22265338.793844
22260426.571332
22255509.739151
22250589.286405
22245664.832300
3773013.182209
22240737.219943
22235804.991096
22230869.203480
22225929.426534
22220986.162860
22216038.814963
22211087.663819
22206132.675304
22201173.685022
22196211.458949
22191244.998119
22186274.518549
22181300.558341
22176322.589268
22171340.783146
22166355.420757
22161365.930542
22156372.880097
22151375.857254
22146375.079613
22141370.499803
22136362.130429
22131349.767244
22126333.957460
22121314.350697
22116290.602398
22111263.226250
22106232.064059
22101197.116274
22096158.365205
22091115.629902
22086069.865740
22081019.549087
22075965.663936
22070907.901660
22065846.652011
22060781.418405
22055712.444692
22050639.614910
22045563.379420
22040482.932156
22035398.997630
22030311.172876
22025219.578950
22020124.390842
22015025.283306
22009922.420732
22004815.982230
21999705.617940
21994591.563439
21989473.761769
21984352.153003
21979227.041972
21974097.879825
21968965.229237
21963828.633758
21958688.516031
21953544.449002
21948396.888047
21943245.415683
21938090.060093
21932931.656050
21927768.847331
21922602.458555
21917432.649387
21912258.817663
21907081.361754
21901900.011707
21896715.619111
21891526.806883
21886334.420569
21881138.708536
21875938.750269
21870735.581247
21865528.592260
21860317.718123
21855103.265728
21849885.125733
21844663.300942
21839437.790586
21834208.595854
21828975.719698
21823739.176841
21818498.593838
21813255.267067
21808007.475490
21802756.185258
21797501.239458
21792242.456308
21786980.636428
21781714.531986
21776444.763648
21771171.824874
21765894.746574
21760614.265711
21755330.029406
21750042.132984
21744750.721983
21739455.529906
21734156.734416
21728854.183366
21723548.361978
21718238.481725
21712925.217116
21707608.160792
21702287.618873
21696963.341609
21691635.330949
21686304.123227
21680968.809656
21675630.176944
21670287.710454
21664941.835261
21659592.217463
21654238.931497
21648882.226902
21643521.723184
21638157.823040
21632790.111091
21627418.873403
21622043.951453
21616665.697862
21611283.605801
21605897.917922
21600508.807043
21595115.815869
21589719.559780
21584319.718603
21578916.062533
21573508.835032
21568098.229892
21562683.903621
21557266.030781
21551844.590538
21546419.587631
21540990.753451
21535559.073528
21530123.189952
21524683.814466
21519241.129735
21513794.417800
21508344.989761
21502891.134279
21497434.277562
21491973.620810
21486509.480297
21481041.581096
21475570.761881
21470095.600477
21464617.527866
21459135.808686
21453650.148293
21448161.456278
21442668.945435
21437172.821561
21431673.677958
21426170.523284
21420663.819291
21415154.060672
21409640.248478
21404123.301785
21398602.771433
21393078.590865
21387550.983153
21382019.869921
21376485.253582
21370947.128414
21365405.343311
21359860.523768
21354311.941582
21348759.718158
21343203.885643
21337645.276620
21332082.538452
21326516.337729
21320946.907345
21315374.047950
21309797.475800
21304217.313671
21298634.246687
21293046.970388
21287457.002005
21281862.774567
21276265.676475
21270665.118932
21265060.527870
21259453.180934
21253841.925212
21248227.336177
21242609.101390
3778638.106088
21236988.012297
21231362.890484
21225734.410144
21220102.802930
21214467.476348
21208828.687330
21203186.752240
21197541.071853
21191892.202569
21186239.594337
21180583.981551
21174924.605859
21169261.975458
21163595.837571
21157926.318846
21152253.347353
21146577.083707
21140897.286812
21135214.028263
21129527.616978
21123837.528913
21118144.299412
21112447.268205
21106747.398690
21101043.675414
21095336.816958
21089626.324060
21083912.638780
21078195.603883
21072475.104394
21066751.104766
21061023.963494
21055293.241149
21049559.276202
21043821.764910
3784266.473687
21038081.217190
21032336.967698
21026589.531199
21020838.617534
21015084.467345
21009326.807348
3789898.282739
21003566.044626
20997801.676202
20992034.046282
20986263.066717
20980488.705940
20974711.111442
20968930.059192
20963145.612683
20957358.071927
20951566.892029
20945772.749793
20939974.953699
20934173.924228
20928369.577033
20922561.906780
20916750.913724
20910936.550075
20905119.038523
20899297.890294
3795533.531018
20893473.923691
20887646.211284
20881815.188413
20875981.119242
20870143.794990
20864302.941305
20858458.841454
20852611.431721
20846760.757877
20840906.790438
20835049.433147
20829189.104266
20823325.084285
3801172.216267
20817458.144138
20811587.669200
20805714.001071
20799837.057356
20793956.840343
20788073.352284
20782186.595455
20776296.572090
20770403.283940
20764506.697286
20758606.969899
20752703.778449
20746797.625779
20740887.871752
20734975.243991
20729059.043113
20723139.785954
20717217.207510
20711291.229219
20705362.449575
20699430.173034
20693494.462607
20687555.958321
20681613.870413
20675668.532965
20669720.260645
20663768.715613
20657813.672002
20651855.784307
20645894.398829
20639929.666862
20633962.225373
20627991.290046
20622017.194340
20616039.743304
20610059.267647
20604075.347970
3806814.336265
20598088.735603
20592098.290740
20586105.257618
20580108.688540
20574108.949373
20568105.896928
20562100.082833
20556090.863420
20550078.414713
20544062.733085
20538044.081197
20532022.011130
20525997.049595
20519968.776619
20513937.270837
20507902.664606
3812459.888785
20501865.064378
20495824.107163
20489780.001205
20483732.855046
20477682.473189
20471628.974017
20465572.314756
20459512.563655
20453449.537559
3818108.871610
20447383.641668
20441314.374683
20435242.027700
20429166.604798
20423087.939318
3823761.282553
20417006.362108
20410921.443916
20404833.540992
20398742.422383
20392648.296436
20386550.973430
20380450.568265
20374347.055240
20368240.436774
20362130.715268
20356017.893113
20349901.972684
20343782.956248
20337660.845102
20331535.563364
20325407.346198
20319276.064273
20313141.497135
20307004.016643
20300863.320368
3829417.119291
20294719.722354
20288572.899047
20282423.025856
20276270.179906
20270114.157005
20263955.138084
20257792.986251
20251627.903348
20245459.645725
20239288.344326
20233114.068493
20226936.666157
20220756.242614
20214572.774230
20208386.263452
20202196.712716
20196004.124445
20189808.501032
20183609.844582
20177408.125019
20171203.474725
20164995.709124
20158784.942423
20152571.067911
3835076.379665
20146354.460914
20140134.488815
20133911.679865
20127685.891020
20121457.047276
20115225.235667
20108990.324546
20102752.441676
20096511.632382
20090267.757277
20084020.899805
20077771.088526
20071518.254845
20065262.444131
20059003.650563
20052741.875245
20046477.046533
3840739.061410
20040209.474398
20033938.641642
20027664.953401
3846405.162313
20021388.449359
3852074.680126
20015108.812764
20008826.186759
20002540.671278
19996252.171821
19989960.687446
19983666.358476
19977368.967901
19971068.603137
19964765.453470
19958459.250267
19952150.093756
19945838.019901
19939523.010625
19933205.030079
19926884.169195
19920560.430493
19914233.688842
19907904.009643
19901571.399025
19895235.978297
19888897.469225
3857747.612599
19882556.248311
3863423.957516
19876211.997481
19869864.830081
19863514.779912
19857161.825880
19850805.970489
19844447.216239
19838085.565574
19831721.005033
19825353.586658
19818983.275420
19812610.051140
19806233.955819
19799854.979862
19793473.125148
19787088.369799
19780700.814885
19774310.314249
19767916.969785
19761520.723176
3869103.712617
19755121.721701
19748719.750079
19742314.943380
19735907.319611
19729496.690838
3874786.875689
19723083.532081
19716667.275669
19710248.175714
19703826.285432
19697401.605595
19690973.953023
3880473.444455
19684543.652671
19678110.354327
19671674.226118
3886163.416676
3891856.790149
19665235.442313
19658793.659772
19652349.075321
19645901.765862
19639451.438638
19632998.632540
19626542.763625
19620084.152173
19613622.672374
19607158.454135
19600691.385102
19594221.584393
19587748.927339
19581273.470922
19574795.286135
19568314.251718
19561830.398720
19555343.905512
19548854.492272
19542362.338003
19535867.300058
3897553.562579
19529369.784087
3903253.731717
19522869.277744
19516365.973161
19509860.003881
19503351.199728
19496839.679177
19490325.338690
19483808.308365
19477288.553355
19470765.975981
19464240.670878
19457712.598880
19451181.815212
19444648.271619
19438111.995393
19431572.964916
3908957.295338
19425031.257103
19418486.762228
19411939.557899
19405389.627893
19398836.974678
19392281.557487
3914664.251201
19385723.553970
19379162.703046
19372599.147082
19366032.987182
19359464.018733
19352892.348004
19346318.023681
19339741.020946
19333161.181267
19326578.817971
3920374.597017
19319993.729395
19313405.846192
19306815.381756
19300222.124220
3926088.330586
19293626.345724
19287027.754159
19280426.527227
19273822.618779
19267216.048835
3931805.449566
19260606.838209
19253994.914808
19247380.324017
3937525.951803
19240763.141116
19234143.231496
19227520.689242
19220895.494093
19214267.643050
19207637.160572
19201004.011106
19194368.243716
19187729.817117
19181088.753582
19174445.072591
19167798.743524
19161149.784550
19154498.215016
19147844.006160
19141187.180370
19134527.735889
19127865.640257
3943249.834952
19121201.036964
19114533.696221
19107863.841742
19101191.317736
19094516.229698
19087838.515014
19081158.225049
19074475.324780
19067789.836787
19061101.759111
19054411.076300
19047717.862065
19041022.014384
19034323.586228
19027622.633092
19020919.034078
3948977.096806
19014212.942585
19007504.220738
19000792.942118
18994079.102841
3954707.735096
18987362.762220
18980643.745082
3960441.747586
18973922.312786
18967198.218461
18960471.573327
3966179.131928
18953742.489422
18947010.747208
18940276.514313
18933539.736954
18926800.411134
18920058.540249
18913314.186184
18906567.263542
18899817.819562
18893065.856039
18886311.371712
18879554.369160
18872794.851042
18866032.820025
18859268.278774
18852501.229955
18845731.676185
18838959.593482
18832185.089410
18825408.003552
18818628.475980
18811846.411027
18805061.918614
18798274.888698
18791485.391433
18784693.398338
18777898.974366
18771101.990012
3971919.885968
18764302.661326
18757500.736272
18750696.421849
18743889.603381
18737080.334929
18730268.603222
18723454.427713
18716637.785935
18709818.696521
18702997.158694
18696173.174957
18689346.737791
18682517.891237
18675686.436366
18668852.874409
3977664.007339
18662016.718252
3983411.493850
18655178.104348
18648337.024316
18641493.581967
18634647.701345
18627799.338827
3989162.343176
18620948.738526
18614095.578988
18607240.058459
18600382.052358
3994916.553120
18593521.786858
18586658.996558
18579793.844206
18572926.295793
18566056.352883
18559184.018101
18552309.284607
18545432.191911
18538552.672057
18531670.812037
18524786.561693
4000674.121329
18517899.955323
18511010.931041
18504119.559055
18497225.746736
18490329.755416
18483431.284081
18476530.372923
18469627.290421
18462721.710178
18455813.766546
18448903.632959
18441990.933817
18435076.125900
18428158.853551
18421239.191524
18414317.312694
18407392.964895
4006435.045565
18400466.448514
18393537.512555
18386606.218123
4012199.323574
18379672.707346
18372736.764720
18365798.617335
18358858.036622
18351915.280708
18344970.039952
4017966.953082
18338022.730802
4023737.931786
18331072.977235
18324120.903876
18317166.514550
18310209.969355
18303251.025533
18296289.840458
18289326.233932
4029512.257401
18282360.581063
4035289.927670
18275392.510124
4041070.940327
18268422.186633
18261449.566624
18254474.679777
18247497.529814
18240518.116592
18233536.440041
18226552.502864
18219566.307811
18212577.857636
18205587.155076
18198594.190389
18191598.988212
18184601.589401
18177601.764998
4046855.293070
18170599.992539
4052642.983603
18163595.827661
4058434.009685
18156589.443094
18149580.729970
4064228.368972
18142569.956062
4070026.059236
18135556.883278
18128541.561880
18121524.043077
18114504.316450
18107482.368472
18100458.190683
18093431.845285
4075827.078144
18086403.294016
4081631.423431
18079372.512421
18072339.533129
18065304.363806
18058267.000332
18051227.445397
18044185.701774
18037141.772237
18030095.649037
18023047.376647
18015996.896362
18008944.244127
18001889.426796
17994832.459911
17987773.245033
4087439.092803
4093250.083990
17980712.010013
4099064.394632
17973648.515272
17966582.840744
4104882.022503
17959515.095309
17952445.126876
17945373.040287
17938298.796809
17931222.391832
17924143.906671
17917063.208719
4110702.965273
17909980.438732
17902895.488720
17895808.430460
17888719.231759
17881627.929161
17874534.485221
17867438.932725
17860341.259630
17853241.465311
17846139.580334
4116527.220656
17839035.583783
17831929.467765
17824821.247098
4122354.786380
17817710.957720
17810598.537970
17803484.044637
17796367.450478
17789248.771274
17782128.007298
17775005.160336
17767880.233849
17760753.230495
17753624.152861
17746493.004638
17739359.787345
17732224.504211
17725087.158961
17717947.754228
17710806.291000
17703662.773990
17696517.205459
17689369.588220
17682219.925090
17675068.207331
4128185.660078
17667914.484012
17660758.688598
17653600.870136
17646441.010246
17639279.149757
17632115.229243
17624949.297376
4134019.839486
17617781.374052
17610611.370765
4139857.322334
17603439.429421
17596265.416478
17589089.413465
17581911.395847
17574731.400570
17567549.379152
17560365.368108
17553179.361016
17545991.365346
17538801.376930
17531609.400957
17524415.447624
17517219.507491
17510021.566362
4145698.106252
17502821.723681
17495619.825573
4151542.188983
17488416.015584
17481210.179973
4157389.568222
17474002.464394
17466792.679454
4163240.241636
17459581.052016
4169094.206937
17452367.414966
17445151.807111
17437934.258258
4174951.461787
17430714.790343
17423493.350808
17416269.981579
17409044.671328
17401817.428094
17394588.251027
17387357.144860
17380124.111997
17372889.155279
17365652.266615
4180812.003905
4186675.830969
17358413.492428
17351172.770805
17343930.147029
17336685.604372
17329439.183345
17322190.830564
17314940.585684
17307688.440526
17300434.406898
17293178.474336
17285920.616295
4192542.940676
17278660.974910
17271399.367549
17264135.885880
17256870.533124
17249603.313916
17242334.196322
17235063.261320
17227790.418893
17220515.717667
17213239.143481
4198413.330672
17205960.760342
17198680.453409
4204286.998694
17191398.369584
17184114.362319
4210163.942379
17176828.573448
17169540.894866
17162251.391131
17154960.053000
17147666.873641
17140371.867551
17133075.028785
17125776.364757
17118475.877276
17111173.565524
17103869.446330
17096563.472798
17089255.753778
17081946.212871
17074634.774571
4216044.159399
4221927.647512
17067321.674788
4227814.404293
17060006.690269
4233704.427495
17052689.920707
17045371.345508
17038050.989914
17030728.845599
17023404.915305
17016079.168103
4239597.714756
4245494.263788
17008751.728028
4251394.072217
17001422.451789
16994091.378454
4257297.137745
16986758.589371
16979423.978787
4263203.458027
16972087.650382
16964749.519663
16957409.656555
16950068.020374
16942724.635243
16935379.488613
4269113.030750
16928032.624614
16920683.984212
16913333.600033
4275025.853555
16905981.510835
16898627.650282
16891272.049903
4280941.924117
16883914.766113
16876555.716734
16869194.944910
16861832.455645
16854468.247127
16847102.319708
16839734.685718
16832365.299036
4286861.240129
16824994.299143
4292783.799224
16817621.531636
16810247.018477
16802870.899020
4298709.599079
16795493.042598
4304638.637362
16788113.496717
16780732.239369
16773349.308617
16765964.697803
16758578.395002
16751190.434342
16743800.772584
16736409.463044
16729016.457372
16721621.814177
16714225.482677
16706827.501142
16699427.858108
16692026.557363
16684623.593208
4310570.911709
16677219.024487
4316506.419802
16669812.777496
16662404.872385
16654995.344610
4322445.159282
16647584.189830
16640171.382232
16632756.946817
16625340.883560
16617923.194864
16610503.883105
16603082.941324
4328387.127834
16595660.411967
16588236.237956
16580810.454387
4334332.323060
16573383.085457
4340280.742665
16565954.097776
16558523.500769
16551091.310313
16543657.522564
16536222.141267
16528785.169145
16521346.598536
4346232.384301
16513906.474744
16506464.728000
4352187.245576
16499021.440179
16491576.548978
16484130.093190
16476682.068045
16469232.474369
16461781.317216
16454328.598978
16446874.320862
16439418.488409
16431961.101649
16424502.168307
16417041.685378
16409579.659593
16402116.092964
16394650.988198
16387184.349161
16379716.177445
16372246.467073
4358145.324189
16364775.259965
16357302.500335
16349828.229374
16342352.440991
16334875.141338
16327396.330769
16319915.996332
4364106.617721
16312434.190496
16304950.837345
4370071.123891
16297466.033962
16289979.686477
16282491.886201
16275002.562141
16267511.773676
16260019.486588
16252525.719529
16245030.472211
16237533.768709
16230035.544058
4376038.840323
16222535.917736
4382009.764658
16215034.789359
16207532.168034
4387983.894549
16200028.144546
16192522.615766
16185015.646976
16177507.230995
16169997.362480
16162486.044913
16154973.281669
4393961.227584
16147459.091406
16139943.450474
16132426.379446
16124907.868637
4399941.761501
16117387.954243
16109866.589534
16102343.810373
16094819.605316
4405925.493858
16087294.002623
16079766.967348
16072238.527610
16064708.680177
16057177.427990
16049644.766432
16042110.726294
16034575.269714
4411912.422311
16027038.436554
16019500.199822
16011960.581343
16004419.579436
15996877.196101
15989333.434928
15981788.298350
15974241.790909
15966693.913282
15959144.653805
4417902.544523
4423895.858131
15951594.079642
15944042.070970
15936488.766931
4429892.360763
15928934.113828
4435892.050026
15921378.080231
15913820.681797
15906261.964170
15898701.903029
15891140.497455
4441894.923550
15883577.767740
15876013.683644
15868448.276574
4447900.979002
4453910.214008
15860881.555392
15853313.494610
15845744.117894
15838173.414141
4459922.626179
4465938.213155
15830601.415979
4471956.972553
4477978.902005
15823028.094945
15815453.456768
15807877.520008
15800300.277192
15792721.732943
15785141.896737
15777560.761180
15769978.335292
15762394.621221
15754809.621538
15747223.339348
15739635.778768
15732046.933445
4484003.999159
15724456.835805
15716865.447109
15709272.797603
15701678.883943
15694083.708497
15686487.269130
4490032.261559
15678889.590782
15671290.643487
15663690.452114
15656089.014149
15648486.333025
15640882.410633
15633277.249128
4496063.686882
15625670.860839
15618063.232287
15610454.378191
15602844.300007
15595232.997478
15587620.476153
15580006.738349
15572391.783416
15564775.628915
15557158.256128
15549539.677530
4502098.272755
15541919.912071
15534298.932228
15526676.766148
15519053.403201
15511428.852297
15503803.103057
4508136.016819
15496176.206193
15488548.080874
4514176.916611
15480918.826735
15473288.357691
4520220.969778
15465656.740727
15458023.946234
15450389.987091
15442754.866829
15435118.587260
15427481.150191
15419842.546607
4526268.173979
15412202.831051
4532318.526788
15404561.938900
4538372.025834
15396919.910908
15389276.733061
15381632.422649
15373986.973887
15366340.400455
15358692.688369
4544428.668716
15351043.864831
15343393.903907
15335742.826765
15328090.633774
15320437.326166
15312782.907343
15305127.381512
15297470.743672
15289813.013563
4550488.453049
15282154.187147
4556551.376445
15274494.260642
15266833.231494
15259171.122906
15251507.927553
15243843.642992
15236178.272335
4562617.436540
15228511.847621
15220844.315535
4568686.630859
15213175.744610
4574758.957053
15205506.083396
15197835.360122
15190163.575752
15182490.732981
15174816.832092
15167141.876813
4580834.412748
15159465.875045
15151788.821098
15144110.725836
15136431.587249
15128751.410923
15121070.199116
15113387.954944
15105704.681499
15098020.381634
15090335.058586
15082648.715383
15074961.354789
15067272.980097
15059583.589624
4586912.995539
15051893.204939
15044201.801342
15036509.400279
15028815.998237
15021121.605714
15013426.214832
15005729.837434
14998032.470792
14990334.121235
14982634.790968
14974934.483115
14967233.200294
14959530.945917
14951827.718231
4592994.702995
14944123.538991
14936418.383249
14928712.272270
14921005.202776
4599079.532743
14913297.187682
14905588.214506
14897878.295826
14890167.433491
14882455.629647
14874742.887682
14867029.206162
14859314.604795
14851599.063880
14843882.598125
14836165.209729
14828446.905596
14820727.680426
14813007.541869
14805286.492554
14797564.533634
14789841.677095
14782117.910393
4605167.482377
14774393.254042
14766667.691370
4611258.549494
14758941.246322
14751213.904960
14743485.677059
14735756.572596
14728026.581790
14720295.714869
14712563.974427
14704831.362372
14697097.882085
14689363.538214
14681628.330600
14673892.264649
14666155.341372
14658417.569516
14650678.943519
14642939.472471
14635199.157453
14627458.001898
14619716.008766
14611973.180704
14604229.521111
14596485.035692
14588739.721606
14580993.581484
14573246.602876
4617352.731695
14565498.867257
4623450.026556
4629550.431699
14557750.284989
4635653.944711
14550000.903704
14542250.666553
4641760.563142
14534499.687896
4647870.284619
4653983.106742
14526747.880049
14518995.269129
14511241.870790
14503487.679199
14495732.688466
4660099.027071
4666218.043223
14487976.952777
14480220.388157
14472463.052638
14464704.957049
4672340.152758
14456946.093981
4678465.353263
14449186.448066
4684593.642311
14441426.031249
14433664.848724
14425902.909906
14418140.206015
4690725.017522
14410376.768305
14402612.547681
4696859.476436
14394847.612215
4702997.016632
14387081.908972
14379315.465828
14371548.284757
14363780.367204
14356011.717097
14348242.335401
14340472.226715
14332701.389082
4709137.635732
14324929.843820
14317157.567202
14309384.579391
14301610.879408
14293836.471451
14286061.356562
14278285.539152
14270509.021958
14262731.790597
4715281.331269
14254953.900986
4721428.100857
14247175.309016
4727577.942027
14239396.022587
4733730.852364
14231616.050396
14223835.395816
14216054.065450
14208272.060203
14200489.383620
14192706.037138
14184922.023586
4739886.829451
14177137.351064
14169352.014647
14161566.022862
14153779.377349
14145992.081175
14138204.137328
14130415.547821
4746045.870865
14122626.320524
14114836.451236
14107045.947840
14099254.812266
14091463.047645
14083670.656819
14075877.643019
14068084.009448
14060289.756041
4752207.974168
14052494.897508
14044699.419659
14036903.337247
14029106.650106
14021309.360968
14013511.475290
14005712.992492
13997913.915685
13990114.256867
13982314.004634
13974513.172195
13966711.760092
13958909.769117
13951107.208194
13943304.073921
13935500.371997
13927696.106452
13919891.278976
13912085.884521
4758373.136924
13904279.953192
4764541.356711
13896473.466263
13888666.416787
13880858.829871
13873050.695674
4770712.631072
13865242.028075
13857432.818729
13849623.076923
13841812.804784
13834002.005002
13826190.680795
13818378.832616
13810566.473901
13802753.591192
13794940.201848
13787126.301042
13779311.894557
13771496.985458
13763681.575919
13755865.658845
4776886.957599
13748049.276674
4783064.333844
13740232.388692
13732415.005889
13724597.143190
13716778.800311
13708959.970940
4789244.757378
13701140.691326
13693320.906270
4795428.225730
13685500.686160
13677679.974447
13669858.808904
13662037.183699
13654215.101362
13646392.565783
13638569.570143
13630746.146396
4801614.736468
13622922.271939
4807804.287186
13615097.956611
13607273.187910
13599448.002302
13591622.379633
4813996.875417
13583796.328193
13575969.847083
13568142.944675
13560315.626643
13552487.888444
13544659.739845
13536831.178201
13529002.206698
4820192.498720
4826391.154653
13521172.842030
13513343.066377
13505512.895193
13497682.329639
13489851.358486
4832592.840768
13482020.025795
4838797.554632
13474188.305651
13466356.183107
13458523.682745
4845005.293748
13450690.821564
4851216.055715
13442857.578144
13435023.962181
13427189.982029
13419355.638958
13411520.933833
13403685.871018
13395850.454753
13388014.685748
13380178.568542
13372342.104676
13364505.303189
13356668.157499
13348830.677749
13340992.863862
13333154.722512
13325316.251298
13317477.459190
13309638.344749
13301798.912994
13293959.166977
13286119.105955
4857429.838067
13278278.747613
13270438.070546
13262597.103141
13254755.828642
13246914.260447
13239072.397382
13231230.251169
13223387.816407
13215545.084871
4863646.638355
13207702.096253
4869866.454123
13199858.819498
13192015.263394
13184171.439538
13176327.348275
13168482.992091
13160638.366109
4876089.282905
13152793.498540
4882315.122271
13144948.371652
13137102.979798
13129257.345956
13121411.463342
13113565.342581
13105718.973060
4888543.969734
13097872.379501
13090025.540586
13082178.465824
13074331.180742
4894775.822859
13066483.663405
4901010.679186
13058635.927647
4907248.536229
13050787.965586
13042939.790364
13035091.403720
13027242.808055
13019394.007206
13011545.002462
13003695.798120
12995846.389212
4913489.391583
12987996.809819
12980147.015770
12972297.044456
12964446.886511
12956596.547897
12948746.029894
12940895.339682
12933044.474997
12925193.441899
12917342.243225
12909490.881690
12901639.360678
12893787.682976
12885935.851959
12878083.870723
12870231.742004
12862379.469357
12854527.055567
12846674.503882
12838821.817161
12830968.999281
12823116.039083
12815262.972519
4919733.242705
12807409.790153
4925980.087207
12799556.479526
4932229.922552
12791703.046284
12783849.496957
12775995.843203
12768142.082489
12760288.218145
12752434.252962
12744580.190118
12736726.032876
12728871.783877
12721017.446753
12713163.024860
12705308.517129
4938482.746312
12697453.939030
12689599.277248
12681744.544572
12673889.742459
12666034.873396
12658179.940364
12650324.945850
12642469.899897
12634614.796877
12626759.638704
12618904.420257
4944738.556042
12611049.192690
4950997.349255
12603193.904976
12595338.567225
12587483.202412
12579627.790226
4957259.123451
12571772.380832
4963523.876199
12563916.928831
4969791.605025
12556061.457637
12548205.951948
12540350.436338
12532494.912716
12524639.374477
12516783.827042
12508928.276234
12501072.723850
12493217.173077
12485361.627018
12477506.088646
12469650.561145
12461795.045013
12453939.553646
12446084.074767
12438228.621233
12430373.195272
12422517.796143
12414662.424567
4976062.307419
12406807.113470
12398951.811939
12391096.537737
4982335.980940
12383241.366910
4988612.623104
12375386.213772
4994892.231456
12367531.116476
12359676.031302
5001174.803443
12351821.067897
5007460.336654
5013748.828611
12343966.137056
12336111.245934
12328256.435266
5020040.276813
12320401.735220
5026334.678753
12312547.071306
5032632.031980
12304692.484810
12296837.972507
5038932.334015
12288983.561996
12281129.216504
12273274.967642
12265420.809838
12257566.731697
5045235.582332
5051541.774498
12249712.789067
5057850.907989
12241858.925550
12234005.156966
12226151.499079
5064162.980288
12218297.962983
12210444.527669
5070477.988962
12202591.217340
12194738.020471
12186884.947780
12179032.000777
12171179.182743
12163326.495575
12155473.941327
12147621.531408
12139769.260804
12131917.120385
5076795.931497
12124065.153551
12116213.317419
5083116.805391
12108361.642409
12100510.118285
12092658.756810
12084807.556210
12076956.526931
12069105.652496
12061254.969048
5089440.608172
12053404.460963
12045554.111697
12037703.956146
12029853.985029
12022004.198042
12014154.603106
12006305.201992
11998455.997540
11990606.993095
11982758.188509
11974909.599357
11967061.209146
11959213.030479
11951365.076893
5095767.337309
11943517.345185
11935669.818052
11927822.526695
11919975.459461
11912128.615562
11904282.019888
5102096.990336
11896435.666367
5108429.564717
11888589.536700
5114765.058002
11880743.657259
11872898.019972
11865052.635045
11857207.497078
5121103.467687
11849362.631459
11841518.007928
11833673.651634
11825829.560550
11817985.733680
11810142.183949
5127444.791208
11802298.911823
11794455.904445
5133789.026122
11786613.188486
11778770.749322
11770928.599807
11763086.739022
11755245.171408
11747403.899586
11739562.926190
11731722.256552
11723881.889381
11716041.832955
11708202.088079
11700362.655361
11692523.541371
11684684.748045
11676846.278225
11669008.135395
11661170.322376
11653332.842385
11645495.698273
11637658.893941
11629822.410561
5140136.169928
11621986.322180
5146486.220084
11614150.550043
5152839.174129
11606315.137017
11598480.061307
11590645.350125
5159195.029507
11582811.025448
5165553.783753
11574977.046079
11567143.416736
11559310.174618
5171915.434317
11551477.321695
5178279.978685
11543644.816574
5184647.414417
11535812.709763
5191017.738933
11527980.977348
11520149.627656
11512318.666592
5197390.949761
11504488.108534
11496657.934101
11488828.161061
11480998.789734
11473169.821761
11465341.261348
11457513.107663
5203767.044307
11449685.375214
5210146.020154
11441858.056121
11434031.153012
11426204.674693
11418378.622206
11410552.997973
5216527.874729
11402727.807210
11394903.049874
11387078.730907
11379254.853455
11371431.420526
11363608.434217
11355785.898453
11347963.816765
11340142.190160
5222912.605535
11332321.026279
11324500.322318
11316680.085141
11308860.316913
11301041.020811
11293222.199322
11285403.856880
11277585.995533
11269768.617995
11261951.728270
11254135.329029
11246319.421697
5229300.210044
11238504.016127
11230689.105593
11222874.699227
11215060.798895
11207247.407818
11199434.522118
5235690.685741
11191622.170337
11183810.318251
11175998.994409
11168188.195044
5242084.030094
11160377.925777
11152568.181467
11144758.973540
11136950.302533
11129142.169823
11121334.580088
5248480.240585
11113527.543763
5254879.314683
11105721.048755
11097915.106907
11090109.721027
11082304.893701
11074500.627811
11066696.926512
11058893.792672
11051091.229582
11043289.240295
11035487.827729
11027686.995065
11019886.745329
11012087.081023
11004288.008632
10996489.525322
10988691.638419
10980894.347219
10973097.658023
5261281.249887
10965301.587151
10957506.105714
10949711.241320
10941916.990599
10934123.356741
10926330.343358
10918537.948182
10910746.191723
10902955.028466
5267686.043649
10895164.559747
5274093.693423
10887374.684420
5280504.196717
10879585.454503
10871796.860815
5286917.550988
10864008.918959
5293333.753729
10856221.630008
10848434.977158
10840648.983183
10832863.648499
5299752.802335
10825078.978904
10817294.960054
10809511.617536
10801728.938075
5306174.694351
10793946.937951
10786165.604537
10778384.953641
10770604.983260
10762825.697660
10755047.099506
10747269.191912
10739491.978077
10731715.460674
10723939.643605
10716164.524682
10708390.124371
10700616.415565
10692843.428149
5312599.427227
10685071.170483
10677299.606363
10669528.772604
10661758.663095
10653989.277773
10646220.631150
10638452.720402
10630685.523226
5319026.998394
10622919.106366
10615153.393156
5325457.405310
10607388.446256
10599624.236669
10591860.788989
10584098.083805
10576336.155775
10568574.970139
5331890.645486
10560814.563863
10553054.908506
5338326.716371
10545296.043515
10537537.936169
10529780.608736
10522024.062212
10514268.295808
10506513.315937
5344765.615404
10498759.134472
10491005.728783
5351207.340045
10483253.129622
10475501.321743
10467750.317048
10460000.116190
10452250.722312
10444502.138714
10436754.367294
10429007.401825
5357651.887782
10421261.286793
10413515.965570
10405771.472396
5364099.256056
10398027.824413
5370549.442307
10390284.995366
10382542.998109
10374801.842528
10367061.527647
10359322.056352
10351583.431940
10343845.657202
10336108.732722
10328372.667921
10320637.461081
5377002.443959
10312903.122780
10305169.630961
5383458.258546
10297437.032223
10289705.283036
10281974.416729
5389916.883471
10274244.433303
10266515.320570
10258787.094637
10251059.745985
5396378.316206
10243333.310757
5402842.554178
10235607.750442
5409309.594883
10227883.092491
10220159.324760
10212436.463557
10204714.506952
10196993.455261
5415779.435673
10189273.322649
10181554.096132
10173835.788754
10166118.401476
10158401.937009
10150686.392695
5422252.074090
10142971.790519
5428727.507542
5435205.733487
10135258.116896
10127545.370680
10119833.565352
10112122.705325
10104412.783072
5441686.749347
10096703.817620
10088995.794614
10081288.727467
10073582.616783
10065877.465616
10058173.277121
10050470.048532
5448170.552583
10042767.804715
10035066.517523
10027366.206240
5454657.140624
10019666.881431
10011968.527944
10004271.164424
9996574.785103
9988879.394262
9981185.000693
9973491.599840
9965799.198070
9958107.800743
9950417.405742
9942728.019460
9935039.643450
9927352.269497
5461146.510952
9919665.955585
9911980.607574
5467638.660944
9904296.327264
5474133.588025
9896613.050113
9888930.797976
9881249.588066
5480631.289714
9873569.416689
9865890.274788
9858212.177549
9850535.124592
5487131.763381
9842859.124274
9835184.167916
9827510.265414
5493635.006492
9819837.425285
5500141.016475
9812165.640453
9804494.918312
9796825.262558
9789156.675556
9781489.158888
5506649.790761
9773822.721119
9766157.356211
9758493.075267
5513161.326779
9750829.877779
9743167.765897
9735506.744590
9727846.816235
9720187.983710
9712530.248191
5519675.621965
9704873.620977
9697218.092313
9689563.673760
9681910.366184
9674258.171229
9666607.097659
5526192.673738
9658957.141858
9651308.307570
9643660.599838
9636014.022869
9628368.578218
9620724.266285
9613081.095346
9605439.064064
9597798.177131
9590158.437835
9582519.848610
9574882.401012
5532712.479553
9567246.143696
9559611.014072
9551977.053863
9544344.248653
5539235.036779
5545760.342924
9536712.650566
9529082.176596
5552288.395356
9521452.915209
5558819.191460
9513824.808483
9506197.885015
9498572.144026
5565352.728746
9490947.598827
5571889.004600
9483324.237009
9475702.066331
9468081.092536
9460461.315156
9452842.742460
5578428.016445
9445225.378745
9437609.212641
9429994.261337
9422380.521215
5584969.761694
9414768.005755
9407156.698490
9399546.620533
9391937.762543
5591514.237819
9384330.148690
5598061.442090
9376723.749705
9369118.588941
9361514.666757
9353911.986059
9346310.547119
9338710.357307
9331111.414699
9323513.725236
9315917.291112
9308322.112913
5604611.372070
9300728.205650
9293135.553322
9285544.171054
9277954.056057
9270365.217065
5611164.025130
9262777.667373
9255191.378785
9247606.379438
9240022.663611
9232440.227336
5617719.398681
9224859.111964
9217279.263879
9209700.725934
9202123.481636
9194547.543132
9186972.911924
9179399.586713
9171827.578669
9164256.881498
9156687.495556
5624277.490141
9149119.458335
9141552.716570
5630838.296910
9133987.320043
9126423.241904
9118860.501804
9111299.097882
9103739.029535
5637401.816363
9096180.314198
9088622.933055
5643968.045979
5650536.983144
9081066.905441
9073512.226742
9065958.902838
9058406.936714
9050856.330066
9043307.086119
9035759.210060
9028212.701078
9020667.565244
9013123.803172
9005581.408966
5657108.625297
8998040.430827
8990500.797413
8982962.569161
8975425.729942
8967890.270713
5663682.969739
8960356.228902
5670260.013977
8952823.577143
8945292.319851
8937762.461929
5676839.755402
8930234.042998
8922706.998780
8915181.393239
8907657.179332
8900134.408550
8892613.049769
5683422.191356
5690007.319348
8885093.135356
8877574.618974
5696595.136642
8870057.553996
8862541.914401
8855027.713518
8847514.949488
5703185.640755
8840003.645638
8832493.770357
8824985.350484
8817478.379968
5709778.829021
8809972.872446
5716374.698872
8802468.818223
8794966.223247
8787465.094067
8779965.431790
8772467.239617
8764970.512595
5722973.247732
8757475.286426
8749981.513723
8742489.227609
5729574.472896
8734998.437166
8727509.123350
8720021.304139
8712534.978635
8705050.149012
8697566.820691
8690084.992140
8682604.672429
8675125.858777
8667648.556929
8660172.764419
5736178.371855
8652698.505248
8645225.750072
8637754.521868
8630284.823562
8622816.650407
5742784.941936
8615350.012477
8607884.906367
8600421.341078
8592959.314631
8585498.830809
5749394.180589
8578039.899225
8570582.511681
8563126.675672
5756006.085191
8555672.404776
8548219.682790
8540768.525218
8533318.932256
8525870.903661
5762620.653109
8518424.453967
8510979.568825
8503536.262897
8496094.534517
8488654.388136
5769237.881757
8481215.834882
8473778.858746
8466343.477130
8458909.679155
5775857.768535
8451477.507879
8444046.907079
5782480.310754
8436617.922155
8429190.534926
8421764.758248
5789105.505922
8414340.602018
8406918.048796
8399497.116851
8392077.805012
8384660.116380
8377244.053736
8369829.620218
8362416.809582
5795733.351302
8355005.656551
8347596.123749
8340188.232154
8332781.988246
8325377.388254
8317974.438553
8310573.133588
5802363.844393
8303173.509008
8295775.515919
8288379.186367
5808996.982471
8280984.542161
8273591.543354
8266200.220281
5815632.762943
8258810.573158
8251422.597592
8244036.303977
8236651.690381
8229268.760856
8221887.517247
5822271.183259
8214507.969568
8207130.109198
8199753.946890
8192379.483212
8185006.722258
8177635.665157
8170266.314440
5828912.240750
8162898.679074
8155532.753370
8148168.544416
8140806.055223
8133445.288175
8126086.246405
8118728.931389
8111373.349402
8104019.501791
8096667.388544
8089317.016061
8081968.383090
8074621.498315
8067276.361862
5835555.932818
8059932.987146
8052591.346751
5842202.256790
8045251.477519
8037913.361171
8030577.008889
8023242.421077
5848851.210143
8015909.611990
8008578.562444
8001249.291552
7993921.797881
7986596.082420
5855502.790092
7979272.155694
5862156.994154
7971950.011250
7964629.654648
7957311.090910
7949994.321677
7942679.347932
5868813.819660
7935366.181488
7928054.810791
7920745.249921
7913437.497837
7906131.555603
7898827.431333
7891525.123389
7884224.635208
7876925.971216
7869629.133611
7862334.124792
5875473.263975
7855040.949483
7847749.607679
7840460.102063
5882135.324483
7833172.443820
7825886.622306
7818602.650356
7811320.526844
7804040.254308
5888799.998541
7796761.841332
5895467.283527
7789485.283134
7782210.585523
7774937.752369
7767666.784281
5902137.176813
7760397.690182
7753130.463920
7745865.114412
7738601.642901
7731340.051867
7724080.346155
7716822.524987
5908809.675757
7709566.596093
7702312.557141
7695060.413277
5915484.777732
5922162.480107
7687810.170694
7680561.825955
7673315.385368
7666070.853244
7658828.223793
5928842.780315
7651587.524293
7644348.722384
7637111.844702
7629876.888071
7622643.852462
5935525.675501
7615412.750734
5942211.163245
7608183.573313
7600956.328208
7593731.014590
5948899.240843
7586507.648324
5955589.905657
7579286.223090
7572066.731977
7564849.194211
7557633.603560
7550419.965866
7543208.280124
5962283.155032
7535998.563102
7528790.796061
7521584.996447
7514381.159441
5968978.986371
7507179.304344
7499979.408715
7492781.492556
7485585.554353
7478391.596944
7471199.623093
7464009.635110
5975677.396914
7456821.638484
7449635.631884
7442451.621026
7435269.607856
7428089.590619
5982378.384184
7420911.591343
7413735.584037
7406561.590142
7399389.609149
7392219.642294
7385051.693116
7377885.764437
7370721.857813
5989081.945382
7363559.981723
7356400.128660
7349242.312435
7342086.527711
7334932.779215
7327781.075100
7320631.413321
7313483.794694
7306338.225959
7299194.709061
7292053.243283
7284913.843899
7277776.486059
5995788.077969
7270641.211059
6002496.779305
7263508.006409
7256376.846543
7249247.766312
7242120.768966
7234995.834369
6009208.046695
7227872.998867
7220752.228564
7213633.549543
7206516.958676
7199402.458634
7192290.052507
7185179.736916
7178071.536555
7170965.420610
6015921.877363
7163861.426040
7156759.524717
7149659.728064
6022638.268935
7142562.080919
7135466.513824
7128373.076957
7121281.760801
6029357.218509
7114192.573738
7107105.508853
7100020.576875
7092937.776793
7085857.112875
7078778.587362
7071702.203239
7064627.963448
7057555.870260
7050485.914456
6036078.723624
7043418.142859
7036352.505976
7029289.022270
7022227.705495
7015168.546018
6042802.781517
7008111.575379
7001056.748901
6994004.099901
6049529.389554
6986953.637969
6979905.340421
6972859.219285
6056258.545107
6965815.302835
6062990.245496
6958773.558422
6951733.999673
6944696.636156
6937661.467015
6930628.494243
6923597.710740
6069724.488110
6916569.164489
6909542.782874
6902518.629768
6895496.693077
6888476.947688
6881459.442176
6874444.131815
6076461.270219
6867431.082344
6860420.211754
6083200.589165
6853411.603965
6846405.201294
6089942.442340
6839401.050128
6832399.114990
6096686.827161
6825399.447180
6818401.996207
6811406.793613
6103433.740723
6804413.848259
6797423.142330
6790434.692215
6783448.497009
6776464.547910
6110183.180654
6769482.894721
6762503.467654
6116935.143992
6755526.326471
6748551.445232
6741578.837951
6734608.505082
6123689.628303
6727640.453758
6720674.676544
6713711.182813
6130446.630848
6706749.978591
6699791.058392
6692834.430239
6685880.096220
6678928.057391
6671978.319605
6665030.879404
6137206.148971
6658085.752089
6651142.925121
6644202.410762
6637264.206969
6630328.317173
6143968.179972
6150732.721296
6623394.758492
6616463.505616
6609534.582789
6602607.985634
6595683.717876
6588761.782067
6581842.181021
6574924.916257
6568009.995805
6561097.403512
6157499.770214
6554187.187720
6164269.323727
6547279.293233
6540373.756711
6533470.574650
6526569.750325
6519671.283927
6512775.177908
6171041.379659
6505881.442962
6498990.068685
6492101.067493
6485214.438302
6478330.174120
6177815.935309
6471448.320528
6464568.816200
6457691.704911
6450816.982131
6443944.647799
6437074.704184
6430207.155020
6423342.005763
6416479.253715
6409618.905287
6402760.962609
6395905.427259
6389052.291599
6184592.987455
6191372.534109
6382201.604365
6375353.299201
6368507.423007
6361663.964056
6198154.572215
6354822.945004
6347984.337735
6341148.164729
6334314.424445
6327483.103269
6204939.099439
6320654.267333
6313827.824799
6307003.833684
6211726.113048
6300182.310289
6293363.214083
6286546.564672
6218515.608871
6279732.399851
6225307.586485
6272920.666486
6232102.041858
6266111.399121
6238898.972461
6259304.591219
6245698.376183
6252500.250000
