2598.533379
2591.142872
2578.856517
2561.720915
2539.801072
2513.180134
2481.959085
2446.256359
2406.207385
2361.964085
2313.694287
2261.581097
2205.822196
2146.629100
2084.226345
2018.850647
1950.750000
1880.182732
1807.416528
1732.727417
1656.398719
1578.719975
1499.985847
1420.495001
1340.548974
1260.451026
1180.504999
2.466621
9.857127
22.143484
39.279085
61.198928
87.819866
119.040914
154.743641
1101.014153
194.792615
1022.280025
239.035915
944.601281
287.305713
868.272583
339.418903
793.583472
395.177803
454.370901
516.773655
720.817268
582.149353
650.250000
