10198.532798
10191.133577
10178.809500
10161.572477
10139.439215
10112.431079
10080.574244
10043.899493
10002.442333
9956.242854
9905.345762
9849.800288
9789.660176
9724.983602
9655.833140
9582.275687
9504.382406
9422.228651
9335.893908
9245.461690
9151.019489
9052.658675
8950.474401
8844.565525
8735.034510
8621.987315
8505.533309
8385.785154
8262.858697
8136.872862
8007.949533
7876.213434
7741.792012
7604.815310
7465.415845
7323.728476
7179.890278
7034.040404
6886.319954
6736.871839
6585.840640
6433.372469
6279.614831
6124.716475
5968.827256
5812.097986
2.467202
9.866422
22.190501
39.427516
61.560792
88.568916
120.425760
157.100505
198.557668
244.757145
295.654239
351.199711
411.339825
5654.680292
476.016398
545.166860
618.724313
696.617594
778.771347
5496.726463
5338.389311
865.106094
955.538311
1049.980510
5179.822017
1148.341325
1250.525599
1356.434474
5021.177983
1465.965491
4862.610689
4704.273537
4546.319708
1579.012685
4388.902014
4232.172744
4076.283525
3921.385169
1695.466691
3767.627531
3615.159360
3464.128161
1815.214846
3314.680046
1938.141303
3166.959596
2064.127138
3021.109722
2193.050467
2877.271524
2324.786566
2735.584155
2459.207988
2596.184690
